time_stamp	px_state	py_state	v_state	yaw_angle_state	yaw_rate_state	sensor_type	NIS	px_measured	py_measured	px_ground_truth	py_ground_truth	vx_ground_truth	vy_ground_truth
1477010443000000	-6.97983	10.9064	5.2	-7.84874e-015	0	lidar	5.08888e-322	0.312243	0.58034	0.6	0.6	5.19994	0
1477010443050000	0.862916	0.534212	4.89281	0.554329	0	radar	1.57557e-317	0.862916	0.534212	0.859997	0.600045	5.19975	0.00179686
1477010443100000	0.862916	0.534212	4.89281	0.554329	0	lidar	5.08888e-322	1.17385	0.481073	1.11998	0.600225	5.19943	0.00538996
1477010443150000	1.23353	0.609452	5.44679	0.160425	-0.0116104	radar	0.79704	0.969149	0.397513	1.37996	0.600629	5.19898	0.0107781
1477010443200000	1.23353	0.609452	5.44679	0.160425	-0.0116104	lidar	5.08888e-322	1.65063	0.62469	1.6399	0.601347	5.19839	0.0179597
1477010443250000	1.70547	0.592802	5.73926	0.0531353	-0.0213076	radar	0.221136	1.62331	0.499091	1.89982	0.60247	5.19766	0.0269323
1477010443300000	1.70547	0.592802	5.73926	0.0531353	-0.0213076	lidar	5.08888e-322	2.18882	0.648739	2.1597	0.604086	5.19678	0.0376932
1477010443350000	2.1884	0.6097	5.50157	0.0499474	-0.0514708	radar	0.51938	1.96701	0.557117	2.41954	0.606284	5.19573	0.0502389
1477010443400000	2.1884	0.6097	5.50157	0.0499474	-0.0514708	lidar	5.08888e-322	2.65526	0.66598	2.67932	0.609155	5.1945	0.0645654
1477010443450000	2.72281	0.622404	5.47361	0.0357743	-0.0679895	radar	0.129901	2.92034	0.645898	2.93904	0.612786	5.19309	0.080668
1477010443500000	2.72281	0.622404	5.47361	0.0357743	-0.0679895	lidar	5.08888e-322	3.01222	0.637046	3.19869	0.617267	5.19147	0.0985415
1477010443550000	3.27613	0.569135	5.47346	-0.0155552	-0.122668	radar	0.325415	3.56096	0.485311	3.45825	0.622685	5.18963	0.11818
1477010443600000	3.27613	0.569135	5.47346	-0.0155552	-0.122668	lidar	5.08888e-322	3.89365	0.311793	3.71772	0.62913	5.18754	0.139576
1477010443650000	3.84395	0.587166	5.528	-0.00902266	-0.0834329	radar	0.48264	4.19786	0.698311	3.97708	0.636689	5.18519	0.162724
1477010443700000	3.84395	0.587166	5.528	-0.00902266	-0.0834329	lidar	5.08888e-322	4.30935	0.578564	4.23632	0.645449	5.18256	0.187614
1477010443750000	4.37848	0.598082	5.49984	-0.0148582	-0.0938869	radar	0.298143	4.61908	0.68951	4.49542	0.655498	5.17962	0.214238
1477010443800000	4.37848	0.598082	5.49984	-0.0148582	-0.0938869	lidar	5.08888e-322	4.35143	0.899174	4.75437	0.666921	5.17634	0.242587
1477010443850000	4.89883	0.58317	5.43881	-0.0418311	-0.141135	radar	0.8566	5.20901	0.66599	5.01315	0.679804	5.1727	0.272649
1477010443900000	4.89883	0.58317	5.43881	-0.0418311	-0.141135	lidar	5.08888e-322	5.51894	0.648233	5.27175	0.694234	5.16867	0.304413
1477010443950000	5.40616	0.599282	5.45199	-0.0251348	-0.0918922	radar	0.285627	5.22834	0.639362	5.53013	0.710295	5.16422	0.337868
1477010444000000	5.40616	0.599282	5.45199	-0.0251348	-0.0918922	lidar	5.08888e-322	6.022	0.708619	5.78828	0.728072	5.15932	0.372999
1477010444050000	5.8997	0.50158	5.40342	-0.0803659	-0.158535	radar	0.360114	5.89392	0.373584	6.04618	0.747647	5.15393	0.409793
1477010444100000	5.8997	0.50158	5.40342	-0.0803659	-0.158535	lidar	5.08888e-322	6.34249	0.948833	6.30379	0.769103	5.14803	0.448233
1477010444150000	6.41355	0.537154	5.38158	-0.0650803	-0.127585	radar	0.285174	6.62134	0.836138	6.5611	0.792523	5.14157	0.488305
1477010444200000	6.41355	0.537154	5.38158	-0.0650803	-0.127585	lidar	5.08888e-322	6.78214	0.714036	6.81808	0.817988	5.13452	0.52999
1477010444250000	6.9219	0.486167	5.32887	-0.0962411	-0.157567	radar	1.10307	7.29121	0.630741	7.07469	0.845578	5.12685	0.573269
1477010444300000	6.9219	0.486167	5.32887	-0.0962411	-0.157567	lidar	5.08888e-322	7.13735	0.957217	7.3309	0.875373	5.11851	0.618123
1477010444350000	7.50199	0.573413	5.40089	-0.0435885	-0.0793801	radar	1.5647	8.08349	0.819605	7.58668	0.907449	5.10946	0.664531
1477010444400000	7.50199	0.573413	5.40089	-0.0435885	-0.0793801	lidar	5.08888e-322	7.80533	0.719126	7.84199	0.941886	5.09966	0.712469
1477010444450000	8.0182	0.614108	5.34532	-0.0321529	-0.0651071	radar	1.08792	8.40453	0.884557	8.0968	0.978759	5.08907	0.761915
1477010444500000	8.0182	0.614108	5.34532	-0.0321529	-0.0651071	lidar	5.08888e-322	8.24796	0.840322	8.35106	1.01814	5.07766	0.812843
1477010444550000	8.5424	0.803771	5.382	0.0397603	0.00698216	radar	0.698581	8.45858	1.41118	8.60472	1.06011	5.06537	0.865226
1477010444600000	8.5424	0.803771	5.382	0.0397603	0.00698216	lidar	5.08888e-322	8.74615	1.04858	8.85775	1.10473	5.05216	0.919037
1477010444650000	9.12517	0.93111	5.41944	0.0764598	0.0369343	radar	1.98099	9.8809	1.1419	9.1101	1.15208	5.03798	0.974245
1477010444700000	9.12517	0.93111	5.41944	0.0764598	0.0369343	lidar	5.08888e-322	9.25579	1.04913	9.36172	1.20223	5.0228	1.03082
1477010444750000	9.67929	1.10859	5.44113	0.12304	0.070273	radar	0.75435	10.1016	1.52474	9.61255	1.25524	5.00656	1.08873
1477010444800000	9.67929	1.10859	5.44113	0.12304	0.070273	lidar	5.08888e-322	10.0484	1.44598	9.86254	1.31118	4.98922	1.14794
1477010444850000	10.1844	1.38551	5.37145	0.198696	0.123955	radar	1.17096	10.5377	1.72555	10.1117	1.37011	4.97074	1.20841
1477010444900000	10.1844	1.38551	5.37145	0.198696	0.123955	lidar	5.08888e-322	10.2492	1.45907	10.3598	1.4321	4.95106	1.2701
1477010444950000	10.6485	1.70364	5.27157	0.28446	0.182305	radar	1.34048	10.9084	1.70343	10.6069	1.49721	4.93014	1.33298
1477010445000000	10.6485	1.70364	5.27157	0.28446	0.182305	lidar	5.08888e-322	10.7313	1.45265	10.853	1.56549	4.90794	1.39701
1477010445050000	11.1673	1.78109	5.29031	0.281628	0.167009	radar	0.219271	11.4783	1.42876	11.0979	1.637	4.8844	1.46213
1477010445100000	11.1673	1.78109	5.29031	0.281628	0.167009	lidar	5.08888e-322	11.587	1.61462	11.3416	1.71179	4.85948	1.52832
1477010445150000	11.6184	1.91325	5.23435	0.302853	0.173806	radar	0.433803	11.4763	1.53917	11.584	1.78992	4.83313	1.59551
1477010445200000	11.6184	1.91325	5.23435	0.302853	0.173806	lidar	5.08888e-322	11.7788	1.74591	11.8251	1.87144	4.80531	1.66366
1477010445250000	12.1181	2.0352	5.26381	0.307457	0.163716	radar	0.110414	12.136	2.14937	12.0647	1.95639	4.77598	1.73273
1477010445300000	12.1181	2.0352	5.26381	0.307457	0.163716	lidar	5.08888e-322	12.3226	1.78353	12.3029	2.04482	4.74508	1.80265
1477010445350000	12.6187	2.08385	5.28122	0.294963	0.145096	radar	0.227154	12.5457	1.77728	12.5394	2.13677	4.71257	1.87338
1477010445400000	12.6187	2.08385	5.28122	0.294963	0.145096	lidar	5.08888e-322	12.5924	2.17509	12.7743	2.23227	4.67842	1.94485
1477010445450000	13.1363	2.25291	5.33653	0.306971	0.140762	radar	0.347669	13.2198	2.6644	13.0075	2.33137	4.64258	2.01701
1477010445500000	13.1363	2.25291	5.33653	0.306971	0.140762	lidar	5.08888e-322	13.0875	2.40708	13.2388	2.43409	4.605	2.08981
1477010445550000	13.4747	2.65004	5.20744	0.389982	0.186476	radar	3.05123	12.7087	3.12439	13.4682	2.54047	4.56565	2.16317
1477010445600000	13.4747	2.65004	5.20744	0.389982	0.186476	lidar	5.08888e-322	13.836	2.62479	13.6955	2.65053	4.52448	2.23703
1477010445650000	13.9079	2.87511	5.17146	0.420669	0.196174	radar	0.187309	13.8302	2.73893	13.9208	2.7643	4.48147	2.31134
1477010445700000	13.9079	2.87511	5.17146	0.420669	0.196174	lidar	5.08888e-322	14.2106	2.94205	14.1439	2.88179	4.43656	2.38601
1477010445750000	14.4107	2.99065	5.20868	0.412275	0.177112	radar	0.241364	14.5568	2.87021	14.3646	3.00303	4.38974	2.46099
1477010445800000	14.4107	2.99065	5.20868	0.412275	0.177112	lidar	5.08888e-322	14.4616	2.90734	14.583	3.12802	4.34097	2.5362
1477010445850000	14.8599	3.27881	5.23517	0.442806	0.181475	radar	0.160184	14.6754	3.96041	14.7989	3.25679	4.29021	2.61157
1477010445900000	14.8599	3.27881	5.23517	0.442806	0.181475	lidar	5.08888e-322	15.0261	3.5067	15.0122	3.38932	4.23744	2.68703
1477010445950000	15.2781	3.65293	5.2106	0.49687	0.204022	radar	0.458239	15.3685	4.14761	15.2228	3.52563	4.18263	2.76249
1477010446000000	15.2781	3.65293	5.2106	0.49687	0.204022	lidar	5.08888e-322	15.5236	3.82936	15.4306	3.66572	4.12575	2.83789
1477010446050000	15.7062	3.87048	5.18003	0.517222	0.207276	radar	0.1465	15.7234	3.4105	15.6355	3.80957	4.06678	2.91315
1477010446100000	15.7062	3.87048	5.18003	0.517222	0.207276	lidar	5.08888e-322	15.9774	4.00094	15.8375	3.95719	4.00571	2.98817
1477010446150000	16.0985	4.24251	5.13884	0.571821	0.232119	radar	0.743743	16.3376	4.21632	16.0363	4.10854	3.94251	3.0629
1477010446200000	16.0985	4.24251	5.13884	0.571821	0.232119	lidar	5.08888e-322	16.3313	4.44499	16.2319	4.26363	3.87716	3.13723
1477010446250000	16.5261	4.53136	5.14162	0.5969	0.23389	radar	0.122527	16.7586	4.48231	16.4242	4.42242	3.80966	3.21109
1477010446300000	16.5261	4.53136	5.14162	0.5969	0.23389	lidar	5.08888e-322	16.6039	4.67344	16.613	4.5849	3.74	3.28438
1477010446350000	16.8159	5.06517	5.07035	0.69352	0.286872	radar	1.9691	16.9236	5.10119	16.7983	4.75103	3.66817	3.35704
1477010446400000	16.8159	5.06517	5.07035	0.69352	0.286872	lidar	5.08888e-322	16.9955	5.21099	16.9799	4.92077	3.59416	3.42897
1477010446450000	17.1551	5.40704	5.0338	0.741291	0.305562	radar	0.361197	17.3421	4.64623	17.1579	5.09409	3.51797	3.50008
1477010446500000	17.1551	5.40704	5.0338	0.741291	0.305562	lidar	5.08888e-322	17.2894	5.43542	17.3319	5.27094	3.4396	3.57028
1477010446550000	17.4638	5.75894	4.98855	0.795151	0.328958	radar	0.590689	17.6463	4.74597	17.5019	5.45128	3.35907	3.63949
1477010446600000	17.4638	5.75894	4.98855	0.795151	0.328958	lidar	5.08888e-322	17.7853	5.62476	17.6679	5.63506	3.27637	3.70762
1477010446650000	17.7279	6.25081	4.97195	0.871498	0.361649	radar	0.562302	17.9216	6.07151	17.8297	5.82221	3.19151	3.77458
1477010446700000	17.7279	6.25081	4.97195	0.871498	0.361649	lidar	5.08888e-322	18.1263	6.16985	17.9872	6.01269	3.10453	3.84027
1477010446750000	18.0219	6.67398	4.97711	0.916823	0.367634	radar	0.056579	18.1245	6.79027	18.1402	6.20641	3.01542	3.90462
1477010446800000	18.0219	6.67398	4.97711	0.916823	0.367634	lidar	5.08888e-322	18.2164	6.66138	18.2888	6.40332	2.92421	3.96753
1477010446850000	18.2764	7.12674	4.97388	0.973129	0.382852	radar	0.123003	18.4022	7.02231	18.4328	6.60333	2.83093	4.0289
1477010446900000	18.2764	7.12674	4.97388	0.973129	0.382852	lidar	5.08888e-322	18.5422	6.76013	18.572	6.80638	2.7356	4.08867
1477010446950000	18.5868	7.4756	4.97429	0.99284	0.370527	radar	0.0862861	18.8089	7.24388	18.7064	7.01237	2.63825	4.14672
1477010447000000	18.5868	7.4756	4.97429	0.99284	0.370527	lidar	5.08888e-322	19.1441	7.18344	18.8359	7.22122	2.53893	4.20299
1477010447050000	18.7363	7.95749	4.94359	1.07151	0.405105	radar	1.15847	18.5479	7.4012	18.9604	7.43283	2.43767	4.25737
1477010447100000	18.7363	7.95749	4.94359	1.07151	0.405105	lidar	5.08888e-322	19.0138	7.8688	19.0798	7.64712	2.3345	4.3098
1477010447150000	18.9932	8.32255	4.93221	1.10008	0.399907	radar	0.0492639	19.3089	7.67375	19.1939	7.86397	2.22949	4.36017
1477010447200000	18.9932	8.32255	4.93221	1.10008	0.399907	lidar	5.08888e-322	19.132	8.12845	19.3028	8.08329	2.12266	4.40842
1477010447250000	19.194	8.70233	4.91163	1.1346	0.39656	radar	0.612681	19.0239	8.17194	19.4062	8.30497	2.01409	4.45445
1477010447300000	19.194	8.70233	4.91163	1.1346	0.39656	lidar	5.08888e-322	19.347	8.30741	19.5042	8.5289	1.90381	4.49819
1477010447350000	19.3722	9.12733	4.89632	1.18551	0.410666	radar	0.186471	19.6843	8.35902	19.5966	8.75494	1.7919	4.53956
1477010447400000	19.3722	9.12733	4.89632	1.18551	0.410666	lidar	5.08888e-322	20.0039	8.8906	19.6835	8.983	1.67841	4.57848
1477010447450000	19.5048	9.61404	4.89575	1.24472	0.427228	radar	0.150091	19.6061	9.48659	19.7645	9.21294	1.56341	4.61488
1477010447500000	19.5048	9.61404	4.89575	1.24472	0.427228	lidar	5.08888e-322	20.1574	9.45949	19.8398	9.44463	1.44697	4.64869
1477010447550000	19.5789	10.1157	4.8927	1.31628	0.45327	radar	0.401378	19.6163	9.76606	19.9093	9.67795	1.32916	4.67984
1477010447600000	19.5789	10.1157	4.8927	1.31628	0.45327	lidar	5.08888e-322	20.1573	9.90876	19.9728	9.91275	1.21005	4.70826
1477010447650000	19.6944	10.6137	4.90105	1.34831	0.435801	radar	0.243921	19.1911	11.5493	20.0303	10.1489	1.08972	4.73389
1477010447700000	19.6944	10.6137	4.90105	1.34831	0.435801	lidar	5.08888e-322	20.166	10.4687	20.0818	10.3863	0.968259	4.75666
1477010447750000	19.7228	11.1133	4.89849	1.41695	0.458622	radar	0.40269	19.6775	10.803	20.1271	10.6247	0.845742	4.77652
1477010447800000	19.7228	11.1133	4.89849	1.41695	0.458622	lidar	5.08888e-322	20.371	11.0109	20.1663	10.864	0.722256	4.7934
1477010447850000	19.7821	11.6261	4.90711	1.45636	0.448745	radar	0.100359	19.4335	12.3402	20.1993	11.1041	0.597892	4.80727
1477010447900000	19.7821	11.6261	4.90711	1.45636	0.448745	lidar	5.08888e-322	20.3164	11.3483	20.2261	11.3449	0.472738	4.81807
1477010447950000	19.6558	12.2023	4.92376	1.56164	0.502038	radar	1.84402	19.2063	12.2418	20.2466	11.5861	0.346889	4.82575
1477010448000000	19.6558	12.2023	4.92376	1.56164	0.502038	lidar	5.08888e-322	20.6141	11.9422	20.2608	11.8275	0.220439	4.83027
1477010448050000	19.7548	12.5698	4.87636	1.56852	0.464017	radar	0.855641	19.966	11.9688	20.2687	12.0692	0.093487	4.83159
1477010448100000	19.7548	12.5698	4.87636	1.56852	0.464017	lidar	5.08888e-322	20.3263	12.4966	20.2701	12.3108	-0.0338694	4.82968
1477010448150000	19.6838	13.0578	4.88014	1.64626	0.49865	radar	0.700248	20.0192	12.4823	20.2652	12.5522	-0.161529	4.82451
1477010448200000	19.6838	13.0578	4.88014	1.64626	0.49865	lidar	5.08888e-322	20.498	12.8924	20.254	12.7933	-0.28939	4.81605
1477010448250000	19.722	13.4625	4.86291	1.68513	0.499121	radar	0.596386	20.9151	12.2555	20.2363	13.0339	-0.417348	4.80428
1477010448300000	19.722	13.4625	4.86291	1.68513	0.499121	lidar	5.08888e-322	20.1943	13.1688	20.2122	13.2738	-0.545298	4.78918
1477010448350000	19.6647	13.9131	4.85345	1.73203	0.497176	radar	0.0434184	19.858	13.5236	20.1818	13.5129	-0.673135	4.77072
1477010448400000	19.6647	13.9131	4.85345	1.73203	0.497176	lidar	5.08888e-322	20.3245	13.8896	20.1449	13.7509	-0.800753	4.74892
1477010448450000	19.5991	14.3423	4.84535	1.78773	0.510635	radar	0.241737	20.3387	13.5307	20.1017	13.9878	-0.928043	4.72374
1477010448500000	19.5991	14.3423	4.84535	1.78773	0.510635	lidar	5.08888e-322	20.1216	14.337	20.0521	14.2233	-1.0549	4.69521
1477010448550000	19.479	14.7886	4.83979	1.84193	0.514872	radar	0.0531628	19.6717	14.4038	19.9962	14.4573	-1.18121	4.66331
1477010448600000	19.479	14.7886	4.83979	1.84193	0.514872	lidar	5.08888e-322	19.781	14.773	19.934	14.6897	-1.30687	4.62805
1477010448650000	19.3888	15.1744	4.81304	1.88437	0.509604	radar	0.192694	20.1149	14.0165	19.8655	14.9202	-1.43177	4.58944
1477010448700000	19.3888	15.1744	4.81304	1.88437	0.509604	lidar	5.08888e-322	20.0208	15.2053	19.7908	15.1486	-1.55581	4.54751
1477010448750000	19.1939	15.6124	4.83765	1.97996	0.572025	radar	3.36709	20.0157	15.3443	19.7099	15.3749	-1.67887	4.50226
1477010448800000	19.1939	15.6124	4.83765	1.97996	0.572025	lidar	5.08888e-322	19.9131	15.554	19.6229	15.5989	-1.80085	4.45372
1477010448850000	19.0561	15.9881	4.81578	2.02858	0.56949	radar	0.133433	19.9388	15.0864	19.5298	15.8203	-1.92164	4.40193
1477010448900000	19.0561	15.9881	4.81578	2.02858	0.56949	lidar	5.08888e-322	19.4748	16.0098	19.4307	16.039	-2.04114	4.3469
1477010448950000	18.8751	16.3829	4.79347	2.07027	0.552929	radar	0.197873	19.1556	16.0022	19.3257	16.2549	-2.15925	4.28868
1477010449000000	18.8751	16.3829	4.79347	2.07027	0.552929	lidar	5.08888e-322	19.238	16.2719	19.2148	16.4679	-2.27586	4.22731
1477010449050000	18.682	16.7599	4.78485	2.12474	0.55912	radar	0.243298	19.4007	16.2962	19.0981	16.6777	-2.39087	4.16284
1477010449100000	18.682	16.7599	4.78485	2.12474	0.55912	lidar	5.08888e-322	19.0029	16.8387	18.9757	16.8841	-2.50418	4.0953
1477010449150000	18.4228	17.1647	4.81623	2.2055	0.600522	radar	2.88285	18.8373	17.7112	18.8477	17.0872	-2.61571	4.02476
1477010449200000	18.4228	17.1647	4.81623	2.2055	0.600522	lidar	5.08888e-322	18.6148	17.3832	18.7142	17.2866	-2.72534	3.95127
1477010449250000	18.246	17.5099	4.76034	2.22421	0.554061	radar	1.35522	18.8177	17.0316	18.5752	17.4822	-2.83299	3.87489
1477010449300000	18.246	17.5099	4.76034	2.22421	0.554061	lidar	5.08888e-322	18.1023	17.5529	18.4309	17.674	-2.93858	3.79568
1477010449350000	17.9825	17.8663	4.74241	2.26393	0.534192	radar	0.306067	18.2749	17.4877	18.2814	17.8617	-3.042	3.71372
1477010449400000	17.9825	17.8663	4.74241	2.26393	0.534192	lidar	5.08888e-322	18.2094	18.0461	18.1268	18.0453	-3.14318	3.62906
1477010449450000	17.6804	18.1665	4.73472	2.33243	0.557016	radar	0.363904	18.3021	17.498	17.9671	18.2246	-3.24204	3.5418
1477010449500000	17.6804	18.1665	4.73472	2.33243	0.557016	lidar	5.08888e-322	17.9018	18.2183	17.8026	18.3994	-3.3385	3.45199
1477010449550000	17.4945	18.4721	4.70448	2.3642	0.542526	radar	1.92859	18.8558	18.1364	17.6334	18.5697	-3.43247	3.35973
1477010449600000	17.4945	18.4721	4.70448	2.3642	0.542526	lidar	5.08888e-322	17.3845	18.7039	17.4595	18.7353	-3.5239	3.26509
1477010449650000	17.1711	18.7447	4.69358	2.42602	0.554613	radar	0.144731	17.7945	18.0801	17.281	18.8962	-3.61271	3.16817
1477010449700000	17.1711	18.7447	4.69358	2.42602	0.554613	lidar	5.08888e-322	17.1762	18.8863	17.0983	19.0521	-3.69883	3.06904
1477010449750000	16.8667	19.0732	4.69067	2.46588	0.542185	radar	1.04494	16.9398	19.7311	16.9113	19.203	-3.78221	2.9678
1477010449800000	16.8667	19.0732	4.69067	2.46588	0.542185	lidar	5.08888e-322	16.5734	19.052	16.7201	19.3488	-3.86278	2.86455
1477010449850000	16.4995	19.3883	4.70548	2.52022	0.547412	radar	0.688828	16.1674	20.2201	16.5251	19.4894	-3.9405	2.75938
1477010449900000	16.4995	19.3883	4.70548	2.52022	0.547412	lidar	5.08888e-322	16.2338	19.6171	16.3262	19.6246	-4.01531	2.65237
1477010449950000	16.0623	19.5608	4.69847	2.60153	0.573516	radar	2.39893	16.4366	18.2742	16.1237	19.7545	-4.08716	2.54364
1477010450000000	16.0623	19.5608	4.69847	2.60153	0.573516	lidar	5.08888e-322	15.9243	19.8703	15.9176	19.8789	-4.15602	2.43329
1477010450050000	15.709	19.7743	4.65969	2.63934	0.547558	radar	0.59198	16.2328	19.2166	15.7082	19.9978	-4.22185	2.32141
1477010450100000	15.709	19.7743	4.65969	2.63934	0.547558	lidar	5.08888e-322	15.4332	20.1836	15.4956	20.111	-4.28461	2.2081
1477010450150000	15.2855	20.0714	4.67623	2.6785	0.530743	radar	1.0389	14.3677	21.3406	15.2799	20.2185	-4.34427	2.09347
1477010450200000	15.2855	20.0714	4.67623	2.6785	0.530743	lidar	5.08888e-322	15.2016	20.4385	15.0613	20.3203	-4.4008	1.97763
1477010450250000	14.8378	20.2455	4.67597	2.73831	0.534932	radar	0.350558	14.7476	19.9571	14.84	20.4162	-4.4542	1.86068
1477010450300000	14.8378	20.2455	4.67597	2.73831	0.534932	lidar	5.08888e-322	14.6665	20.6088	14.6161	20.5063	-4.50443	1.74272
1477010450350000	14.3737	20.446	4.69443	2.79426	0.538734	radar	0.121189	13.841	21.0031	14.3897	20.5904	-4.55149	1.62386
1477010450400000	14.3737	20.446	4.69443	2.79426	0.538734	lidar	5.08888e-322	14.0521	20.5924	14.1611	20.6686	-4.59537	1.50421
1477010450450000	13.9221	20.6027	4.7045	2.8516	0.545122	radar	0.1101	13.8232	20.859	13.9304	20.7408	-4.63606	1.38386
1477010450500000	13.9221	20.6027	4.7045	2.8516	0.545122	lidar	5.08888e-322	13.4686	20.7253	13.6977	20.807	-4.67357	1.26294
1477010450550000	13.4684	20.6785	4.71737	2.927	0.573658	radar	0.561386	13.8263	20.4261	13.4632	20.8671	-4.70789	1.14153
1477010450600000	13.4684	20.6785	4.71737	2.927	0.573658	lidar	5.08888e-322	13.1072	20.8294	13.2271	20.9211	-4.73904	1.01975
1477010450650000	13.0331	20.796	4.71747	2.97736	0.570769	radar	0.606964	13.2669	21.1579	12.9895	20.969	-4.76702	0.897694
1477010450700000	13.0331	20.796	4.71747	2.97736	0.570769	lidar	5.08888e-322	12.8729	21.0592	12.7506	21.0108	-4.79186	0.775469
1477010450750000	12.505	20.9092	4.74881	3.03528	0.572322	radar	0.191492	11.5171	21.6724	12.5106	21.0465	-4.81358	0.653175
1477010450800000	12.505	20.9092	4.74881	3.03528	0.572322	lidar	5.08888e-322	12.2062	21.11	12.2695	21.0761	-4.83219	0.530912
1477010450850000	12.0526	20.957	4.75153	3.09234	0.57667	radar	0.307527	12.3859	21.1066	12.0276	21.0996	-4.84773	0.408778
1477010450900000	12.0526	20.957	4.75153	3.09234	0.57667	lidar	5.08888e-322	11.6814	20.8651	11.785	21.117	-4.86022	0.286869
1477010450950000	11.5658	20.934	4.75714	-3.12316	0.585956	radar	0.300685	11.5265	20.6748	11.5418	21.1283	-4.86971	0.165281
1477010451000000	11.5658	20.934	4.75714	-3.12316	0.585956	lidar	5.08888e-322	11.363	21.0688	11.2982	21.1335	-4.87623	0.0441057
1477010451050000	11.0452	20.8691	4.77261	-3.05066	0.59598	radar	1.04642	10.5558	20.5567	11.0544	21.1327	-4.87982	-0.076565
1477010451100000	11.0452	20.8691	4.77261	-3.05066	0.59598	lidar	5.08888e-322	10.8903	20.927	10.8105	21.1259	-4.88053	-0.196643
1477010451150000	10.5175	20.8691	4.76642	-3.00773	0.571568	radar	0.589646	9.30535	21.3896	10.5666	21.1131	-4.8784	-0.31604
1477010451200000	10.5175	20.8691	4.76642	-3.00773	0.571568	lidar	5.08888e-322	10.189	21.209	10.3229	21.0943	-4.87349	-0.434674
1477010451250000	10.0456	20.8439	4.76481	-2.96217	0.561552	radar	0.491683	9.97958	21.2932	10.0795	21.0697	-4.86585	-0.552463
1477010451300000	10.0456	20.8439	4.76481	-2.96217	0.561552	lidar	5.08888e-322	9.99634	20.9797	9.83658	21.0391	-4.85554	-0.669327
1477010451350000	9.57759	20.814	4.73481	-2.93373	0.527795	radar	0.92248	9.38223	21.111	9.59422	21.0028	-4.84262	-0.785189
1477010451400000	9.57759	20.814	4.73481	-2.93373	0.527795	lidar	5.08888e-322	9.53921	20.8762	9.35258	20.9607	-4.82714	-0.899977
1477010451450000	9.14521	20.7419	4.72337	-2.89073	0.521011	radar	0.561822	9.63392	20.9724	9.11177	20.9128	-4.80919	-1.01362
1477010451500000	9.14521	20.7419	4.72337	-2.89073	0.521011	lidar	5.08888e-322	8.70331	20.8221	8.87192	20.8594	-4.78881	-1.12605
1477010451550000	8.77362	20.5708	4.69062	-2.83468	0.524211	radar	0.133718	9.84634	20.009	8.63315	20.8003	-4.76608	-1.2372
1477010451600000	8.77362	20.5708	4.69062	-2.83468	0.524211	lidar	5.08888e-322	8.22277	20.4839	8.39557	20.7358	-4.74108	-1.34701
1477010451650000	8.32748	20.42	4.69711	-2.7798	0.527895	radar	0.0196385	8.29647	20.4978	8.1593	20.6657	-4.71387	-1.45542
1477010451700000	8.32748	20.42	4.69711	-2.7798	0.527895	lidar	5.08888e-322	7.88599	20.45	7.92445	20.5903	-4.68453	-1.56237
1477010451750000	7.91433	20.2688	4.70669	-2.72513	0.537124	radar	0.987729	8.29081	20.6565	7.69111	20.5096	-4.65313	-1.66781
1477010451800000	7.91433	20.2688	4.70669	-2.72513	0.537124	lidar	5.08888e-322	7.18029	20.392	7.45939	20.4237	-4.61975	-1.7717
1477010451850000	7.46199	20.0754	4.71202	-2.67347	0.533413	radar	0.0698473	7.09214	20.1196	7.22939	20.3326	-4.58448	-1.87399
1477010451900000	7.46199	20.0754	4.71202	-2.67347	0.533413	lidar	5.08888e-322	6.81542	20.1859	7.00119	20.2364	-4.54738	-1.97462
1477010451950000	7.03514	19.8907	4.70341	-2.63067	0.523161	radar	0.177429	6.89359	20.1536	6.7749	20.1352	-4.50854	-2.07357
1477010452000000	7.03514	19.8907	4.70341	-2.63067	0.523161	lidar	5.08888e-322	6.38914	20.0137	6.55059	20.0292	-4.46805	-2.17079
1477010452050000	6.62443	19.712	4.696	-2.59155	0.513958	radar	0.80906	6.67637	20.2142	6.32834	19.9183	-4.42598	-2.26625
1477010452100000	6.62443	19.712	4.696	-2.59155	0.513958	lidar	5.08888e-322	5.86119	19.8306	6.10823	19.8027	-4.38241	-2.35993
1477010452150000	6.16087	19.4437	4.74518	-2.52954	0.526004	radar	0.382833	5.28178	19.5036	5.89034	19.6824	-4.33744	-2.45178
1477010452200000	6.16087	19.4437	4.74518	-2.52954	0.526004	lidar	5.08888e-322	5.69089	19.5755	5.67472	19.5577	-4.29114	-2.5418
1477010452250000	5.79911	19.1457	4.74005	-2.47281	0.528356	radar	0.070885	5.9506	18.9859	5.46145	19.4284	-4.24359	-2.62995
1477010452300000	5.79911	19.1457	4.74005	-2.47281	0.528356	lidar	5.08888e-322	5.17021	19.4397	5.25059	19.2948	-4.19488	-2.71622
1477010452350000	5.46789	18.9142	4.67957	-2.44239	0.505935	radar	1.18909	5.87397	19.301	5.04219	19.157	-4.1451	-2.80059
1477010452400000	5.46789	18.9142	4.67957	-2.44239	0.505935	lidar	5.08888e-322	4.89149	18.982	4.8363	19.015	-4.09432	-2.88305
1477010452450000	5.01119	18.6457	4.72658	-2.39818	0.504886	radar	0.197714	3.98679	19.0452	4.63297	18.8689	-4.04263	-2.96359
1477010452500000	5.01119	18.6457	4.72658	-2.39818	0.504886	lidar	5.08888e-322	4.4685	18.834	4.43224	18.7188	-3.99012	-3.0422
1477010452550000	4.66653	18.358	4.69042	-2.36365	0.487218	radar	0.350003	4.69245	18.4634	4.23416	18.5648	-3.93685	-3.11888
1477010452600000	4.66653	18.358	4.69042	-2.36365	0.487218	lidar	5.08888e-322	4.26269	18.481	4.03876	18.4071	-3.88293	-3.19362
1477010452650000	4.23213	18.0729	4.77285	-2.31356	0.501865	radar	2.00683	3.42434	18.8357	3.84606	18.2457	-3.82841	-3.26644
1477010452700000	4.23213	18.0729	4.77285	-2.31356	0.501865	lidar	5.08888e-322	3.45919	18.167	3.65611	18.0807	-3.77339	-3.33732
1477010452750000	3.93407	17.7655	4.71876	-2.28153	0.482458	radar	0.580712	4.3011	17.9267	3.46891	17.9122	-3.71795	-3.40627
1477010452800000	3.93407	17.7655	4.71876	-2.28153	0.482458	lidar	5.08888e-322	3.12525	17.7493	3.28449	17.7402	-3.66215	-3.47331
1477010452850000	3.52208	17.439	4.78322	-2.23742	0.487721	radar	0.595312	2.65664	17.888	3.10287	17.565	-3.60609	-3.53844
1477010452900000	3.52208	17.439	4.78322	-2.23742	0.487721	lidar	5.08888e-322	2.9449	17.8154	2.92405	17.3866	-3.54982	-3.60167
1477010452950000	3.24438	17.0377	4.82166	-2.17388	0.504322	radar	0.373157	3.26647	17.0897	2.74805	17.2051	-3.49344	-3.66302
1477010453000000	3.24438	17.0377	4.82166	-2.17388	0.504322	lidar	5.08888e-322	2.55407	17.0853	2.57486	17.0205	-3.437	-3.72251
1477010453050000	2.94444	16.6948	4.76217	-2.14622	0.480765	radar	0.838064	2.55039	16.8884	2.4045	16.833	-3.38059	-3.78014
1477010453100000	2.94444	16.6948	4.76217	-2.14622	0.480765	lidar	5.08888e-322	2.25371	16.8334	2.23695	16.6427	-3.32428	-3.83595
1477010453150000	2.59892	16.299	4.76097	-2.11334	0.465148	radar	1.12473	1.57735	16.0489	2.07221	16.4497	-3.26812	-3.88995
1477010453200000	2.59892	16.299	4.76097	-2.11334	0.465148	lidar	5.08888e-322	1.88972	16.1054	1.91027	16.254	-3.21219	-3.94216
1477010453250000	2.26712	15.9546	4.73944	-2.09279	0.444835	radar	0.517705	1.74362	16.2687	1.75112	16.0557	-3.15656	-3.99261
1477010453300000	2.26712	15.9546	4.73944	-2.09279	0.444835	lidar	5.08888e-322	1.44745	16.0853	1.59474	15.8549	-3.10129	-4.04132
1477010453350000	2.00367	15.5245	4.79481	-2.03922	0.457022	radar	0.346135	1.6097	15.5526	1.44111	15.6517	-3.04644	-4.08832
1477010453400000	2.00367	15.5245	4.79481	-2.03922	0.457022	lidar	5.08888e-322	1.18395	15.4284	1.29021	15.4463	-2.99207	-4.13364
1477010453450000	1.64608	15.1597	4.80693	-2.02131	0.440341	radar	0.446464	0.828993	15.528	1.14201	15.2386	-2.93825	-4.1773
1477010453500000	1.64608	15.1597	4.80693	-2.02131	0.440341	lidar	5.08888e-322	0.722706	15.0075	0.996486	15.0288	-2.88503	-4.21933
1477010453550000	1.33059	14.8068	4.77511	-2.01083	0.41595	radar	0.847869	1.03147	15.2134	0.853604	14.8169	-2.83246	-4.25977
1477010453600000	1.33059	14.8068	4.77511	-2.01083	0.41595	lidar	5.08888e-322	0.737301	14.7047	0.71333	14.603	-2.78061	-4.29864
1477010453650000	1.1282	14.3436	4.82384	-1.95551	0.429607	radar	0.37941	0.722177	14.2445	0.575628	14.3872	-2.72952	-4.33598
1477010453700000	1.1282	14.3436	4.82384	-1.95551	0.429607	lidar	5.08888e-322	0.253435	14.2029	0.440459	14.1696	-2.67925	-4.37181
1477010453750000	0.823916	13.8823	4.93175	-1.91371	0.439828	radar	0.93328	-0.0328023	13.9604	0.307779	13.9502	-2.62984	-4.40617
1477010453800000	0.823916	13.8823	4.93175	-1.91371	0.439828	lidar	5.08888e-322	0.459172	13.6856	0.177545	13.7292	-2.58135	-4.43909
1477010453850000	0.561853	13.4253	5.00249	-1.87548	0.444177	radar	0.537754	0.0524412	13.6377	0.0497099	13.5065	-2.53381	-4.47061
1477010453900000	0.561853	13.4253	5.00249	-1.87548	0.444177	lidar	5.08888e-322	-0.190344	13.2856	-0.0757753	13.2823	-2.48728	-4.50075
1477010453950000	0.292752	12.9917	4.99544	-1.85782	0.427316	radar	0.289749	-0.275043	13.1456	-0.198962	13.0566	-2.44179	-4.52955
1477010454000000	0.292752	12.9917	4.99544	-1.85782	0.427316	lidar	5.08888e-322	0.0462308	12.9301	-0.319903	12.8295	-2.39739	-4.55704
1477010454050000	0.0230402	12.5323	4.99099	-1.84441	0.407067	radar	0.612075	-0.684792	12.3563	-0.438654	12.6011	-2.35412	-4.58326
1477010454100000	0.0230402	12.5323	4.99099	-1.84441	0.407067	lidar	5.08888e-322	-0.476482	12.3633	-0.555273	12.3714	-2.31202	-4.60823
1477010454150000	-0.323374	12.1229	4.9925	-1.84882	0.381672	radar	0.833161	-0.972122	12.5207	-0.669818	12.1404	-2.27111	-4.63198
1477010454200000	-0.323374	12.1229	4.9925	-1.84882	0.381672	lidar	5.08888e-322	-0.582624	12.0386	-0.78235	11.9083	-2.23144	-4.65456
1477010454250000	-0.624247	11.6655	5.0149	-1.84357	0.36314	radar	0.192377	-1.26757	11.6495	-0.892931	11.6751	-2.19304	-4.67598
1477010454300000	-0.624247	11.6655	5.0149	-1.84357	0.36314	lidar	5.08888e-322	-1.17212	11.3988	-1.00163	11.4409	-2.15594	-4.69628
1477010454350000	-0.85452	11.1974	4.99309	-1.84434	0.334015	radar	0.930667	-0.891441	10.959	-1.1085	11.2057	-2.12017	-4.71549
1477010454400000	-0.85452	11.1974	4.99309	-1.84434	0.334015	lidar	5.08888e-322	-1.39289	11.0424	-1.21362	10.9695	-2.08575	-4.73364
1477010454450000	-1.00837	10.726	5.01491	-1.80578	0.341832	radar	0.240244	-1.29894	10.9012	-1.31706	10.7324	-2.05273	-4.75075
1477010454500000	-1.00837	10.726	5.01491	-1.80578	0.341832	lidar	5.08888e-322	-1.49687	10.4198	-1.41889	10.4945	-2.02111	-4.76686
1477010454550000	-1.15744	10.2176	5.05276	-1.77044	0.345704	radar	0.222212	-1.59293	10.0212	-1.51917	10.2559	-1.99093	-4.78198
1477010454600000	-1.15744	10.2176	5.05276	-1.77044	0.345704	lidar	5.08888e-322	-1.61875	10.2374	-1.61797	10.0165	-1.96221	-4.79615
1477010454650000	-1.38638	9.76215	5.03497	-1.77082	0.323009	radar	0.461917	-1.59702	9.96554	-1.71539	9.77637	-1.93498	-4.80939
1477010454700000	-1.38638	9.76215	5.03497	-1.77082	0.323009	lidar	5.08888e-322	-1.73381	9.71347	-1.81147	9.53564	-1.90924	-4.82172
1477010454750000	-1.63534	9.27912	5.07197	-1.76158	0.314239	radar	0.314331	-2.27191	9.37316	-1.90631	9.29431	-1.88502	-4.83316
1477010454800000	-1.63534	9.27912	5.07197	-1.76158	0.314239	lidar	5.08888e-322	-1.93833	8.77028	-1.99998	9.05243	-1.86233	-4.84374
1477010454850000	-1.88741	8.82406	5.05485	-1.77524	0.284099	radar	0.71522	-1.96565	9.13274	-2.09256	8.81003	-1.8412	-4.85347
1477010454900000	-1.88741	8.82406	5.05485	-1.77524	0.284099	lidar	5.08888e-322	-2.1768	8.5411	-2.18412	8.56717	-1.82164	-4.86238
1477010454950000	-2.15261	8.32172	5.09051	-1.78087	0.264855	radar	0.236894	-2.65862	8.19477	-2.27474	8.32388	-1.80365	-4.87047
1477010455000000	-2.15261	8.32172	5.09051	-1.78087	0.264855	lidar	5.08888e-322	-2.21875	8.15339	-2.3645	8.0802	-1.78726	-4.87778
1477010455050000	-2.37566	7.88077	5.07059	-1.78809	0.243225	radar	1.34375	-2.273	8.52315	-2.45348	7.83617	-1.77248	-4.8843
1477010455100000	-2.37566	7.88077	5.07059	-1.78809	0.243225	lidar	5.08888e-322	-2.59674	7.60288	-2.54177	7.59184	-1.75931	-4.89006
1477010455150000	-2.75953	7.38316	5.10837	-1.83957	0.191319	radar	1.12525	-3.08256	7.38874	-2.62944	7.34723	-1.74777	-4.89507
1477010455200000	-2.75953	7.38316	5.10837	-1.83957	0.191319	lidar	5.08888e-322	-2.79865	7.064	-2.71658	7.10238	-1.73786	-4.89933
1477010455250000	-2.87948	6.91682	5.09145	-1.81687	0.194435	radar	0.196279	-2.79412	7.20818	-2.80326	6.85734	-1.72958	-4.90286
1477010455300000	-2.87948	6.91682	5.09145	-1.81687	0.194435	lidar	5.08888e-322	-2.74651	6.86867	-2.88957	6.61214	-1.72295	-4.90566
1477010455350000	-3.05563	6.41993	5.09079	-1.83913	0.154803	radar	1.14246	-2.57673	6.36755	-2.97559	6.36681	-1.71797	-4.90774
1477010455400000	-3.05563	6.41993	5.09079	-1.83913	0.154803	lidar	5.08888e-322	-2.90217	6.22989	-3.0614	6.12139	-1.71464	-4.90911
1477010455450000	-3.24963	5.93807	5.10121	-1.833	0.150987	radar	0.26688	-3.50172	6.10796	-3.14709	5.87592	-1.71297	-4.90976
1477010455500000	-3.24963	5.93807	5.10121	-1.833	0.150987	lidar	5.08888e-322	-3.1778	5.53101	-3.23274	5.63043	-1.71295	-4.9097
1477010455550000	-3.43857	5.4169	5.1313	-1.85148	0.118236	radar	0.972257	-3.19736	5.19093	-3.31843	5.38496	-1.71458	-4.90893
1477010455600000	-3.43857	5.4169	5.1313	-1.85148	0.118236	lidar	5.08888e-322	-3.43031	5.10507	-3.40424	5.13955	-1.71787	-4.90745
1477010455650000	-3.55122	4.93008	5.1208	-1.83611	0.119716	radar	0.0341127	-3.4281	4.94644	-3.49026	4.89422	-1.72281	-4.90525
1477010455700000	-3.55122	4.93008	5.1208	-1.83611	0.119716	lidar	5.08888e-322	-3.69435	4.52196	-3.57657	4.64902	-1.72939	-4.90233
1477010455750000	-3.74711	4.39769	5.1675	-1.85948	0.0829099	radar	1.19966	-3.50501	4.17643	-3.66325	4.40398	-1.73763	-4.89868
1477010455800000	-3.74711	4.39769	5.1675	-1.85948	0.0829099	lidar	5.08888e-322	-4.00238	4.04684	-3.75039	4.15913	-1.74749	-4.8943
1477010455850000	-3.92052	3.91631	5.16763	-1.85797	0.0781005	radar	0.199019	-4.06447	4.10977	-3.83806	3.91452	-1.75899	-4.88918
1477010455900000	-3.92052	3.91631	5.16763	-1.85797	0.0781005	lidar	5.08888e-322	-3.88053	3.75177	-3.92635	3.67019	-1.77212	-4.8833
1477010455950000	-4.14675	3.44165	5.19057	-1.88714	0.0415286	radar	1.16324	-4.23729	3.88878	-4.01533	3.42616	-1.78686	-4.87666
1477010456000000	-4.14675	3.44165	5.19057	-1.88714	0.0415286	lidar	5.08888e-322	-4.15119	3.21968	-4.10509	3.18248	-1.8032	-4.86925
1477010456050000	-4.35053	2.92237	5.23807	-1.90487	0.0168932	radar	0.434254	-4.27467	2.88187	-4.19571	2.93919	-1.82113	-4.86104
1477010456100000	-4.35053	2.92237	5.23807	-1.90487	0.0168932	lidar	5.08888e-322	-4.32451	2.55034	-4.28727	2.69633	-1.84065	-4.85202
1477010456150000	-4.51155	2.42405	5.24084	-1.90426	0.0141942	radar	0.0721234	-4.38481	2.39989	-4.37985	2.45393	-1.86173	-4.84218
1477010456200000	-4.51155	2.42405	5.24084	-1.90426	0.0141942	lidar	5.08888e-322	-4.61223	2.09192	-4.47352	2.21205	-1.88436	-4.83149
1477010456250000	-4.70015	1.89996	5.30261	-1.93034	-0.0229596	radar	1.56489	-4.29257	1.92854	-4.56836	1.97072	-1.90853	-4.81994
1477010456300000	-4.70015	1.89996	5.30261	-1.93034	-0.0229596	lidar	5.08888e-322	-4.86829	1.53442	-4.66444	1.72998	-1.93422	-4.80751
1477010456350000	-4.92676	1.38653	5.35474	-1.95124	-0.0457997	radar	0.442952	-4.98165	1.43611	-4.76186	1.48989	-1.9614	-4.79417
1477010456400000	-4.92676	1.38653	5.35474	-1.95124	-0.0457997	lidar	5.08888e-322	-4.66779	1.28643	-4.86066	1.25049	-1.99007	-4.7799
1477010456450000	-5.10839	0.917832	5.32808	-1.95697	-0.0468053	radar	0.103747	-4.98594	1.10894	-4.96095	1.01182	-2.02019	-4.76468
1477010456500000	-5.10839	0.917832	5.32808	-1.95697	-0.0468053	lidar	5.08888e-322	-4.85498	0.825661	-5.06277	0.77393	-2.05174	-4.74848
1477010456550000	-5.27275	0.382822	5.35362	-1.95431	-0.0449054	radar	0.818688	-4.84736	0.18101	-5.16621	0.536876	-2.08471	-4.73127
1477010456600000	-5.27275	0.382822	5.35362	-1.95431	-0.0449054	lidar	5.08888e-322	-5.1231	0.257311	-5.27133	0.300706	-2.11906	-4.71303
1477010456650000	-5.50011	-0.104053	5.32914	-1.95158	-0.0294662	radar	1.22951	-5.99809	-0.290765	-5.3782	0.0654719	-2.15477	-4.69374
1477010456700000	-5.50011	-0.104053	5.32914	-1.95158	-0.0294662	lidar	5.08888e-322	-5.29972	-0.212982	-5.4869	-0.168772	-2.1918	-4.67335
1477010456750000	-5.69739	-0.5486	5.29985	-1.9642	-0.0383006	radar	0.214051	-5.64447	-0.144522	-5.59748	-0.401971	-2.23014	-4.65185
1477010456800000	-5.69739	-0.5486	5.29985	-1.9642	-0.0383006	lidar	5.08888e-322	-5.85359	-0.445801	-5.71001	-0.634069	-2.26974	-4.62919
1477010456850000	-5.86734	-1.03567	5.32676	-1.97656	-0.0565353	radar	1.93122	-5.30947	-0.724468	-5.82456	-0.865006	-2.31058	-4.60536
1477010456900000	-5.86734	-1.03567	5.32676	-1.97656	-0.0565353	lidar	5.08888e-322	-5.87835	-1.26863	-5.94118	-1.09472	-2.35262	-4.58032
1477010456950000	-6.0365	-1.53704	5.32292	-1.97437	-0.0516593	radar	0.478881	-5.68069	-1.52871	-6.05993	-1.32316	-2.39581	-4.55404
1477010457000000	-6.0365	-1.53704	5.32292	-1.97437	-0.0516593	lidar	5.08888e-322	-6.27263	-1.50938	-6.18087	-1.55025	-2.44014	-4.52648
1477010457050000	-6.26466	-2.028	5.39269	-1.99823	-0.0803657	radar	1.4627	-6.11355	-1.75966	-6.30406	-1.77593	-2.48555	-4.49762
1477010457100000	-6.26466	-2.028	5.39269	-1.99823	-0.0803657	lidar	5.08888e-322	-6.34007	-2.13685	-6.42954	-2.00014	-2.532	-4.46742
1477010457150000	-6.54143	-2.46746	5.37857	-2.02196	-0.0910056	radar	0.513314	-6.99344	-2.17445	-6.55738	-2.22281	-2.57946	-4.43585
1477010457200000	-6.54143	-2.46746	5.37857	-2.02196	-0.0910056	lidar	5.08888e-322	-6.79288	-2.4458	-6.68761	-2.44386	-2.62788	-4.40288
1477010457250000	-6.82253	-2.91715	5.38927	-2.04634	-0.104627	radar	0.279371	-7.14408	-2.67584	-6.82029	-2.66323	-2.6772	-4.36847
1477010457300000	-6.82253	-2.91715	5.38927	-2.04634	-0.104627	lidar	5.08888e-322	-6.8003	-3.10086	-6.95546	-2.88084	-2.7274	-4.3326
1477010457350000	-7.07012	-3.36808	5.36058	-2.0582	-0.103027	radar	0.0736584	-7.13937	-3.22028	-7.09316	-3.09663	-2.7784	-4.29523
1477010457400000	-7.07012	-3.36808	5.36058	-2.0582	-0.103027	lidar	5.08888e-322	-7.12118	-3.26434	-7.23344	-3.3105	-2.83017	-4.25632
1477010457450000	-7.36639	-3.84332	5.37727	-2.07455	-0.106267	radar	0.768358	-7.77186	-4.08999	-7.37632	-3.5224	-2.88265	-4.21586
1477010457500000	-7.36639	-3.84332	5.37727	-2.07455	-0.106267	lidar	5.08888e-322	-7.49009	-3.49081	-7.52184	-3.73223	-2.93579	-4.1738
1477010457550000	-7.6177	-4.2775	5.36106	-2.08981	-0.110781	radar	0.352506	-7.52393	-3.88213	-7.67004	-3.93992	-2.98953	-4.13012
1477010457600000	-7.6177	-4.2775	5.36106	-2.08981	-0.110781	lidar	5.08888e-322	-7.88049	-4.29783	-7.82094	-4.14538	-3.04381	-4.08479
1477010457650000	-7.90295	-4.7162	5.35151	-2.10682	-0.11416	radar	0.0416556	-8.08524	-4.57834	-7.97457	-4.34854	-3.09857	-4.03778
1477010457700000	-7.90295	-4.7162	5.35151	-2.10682	-0.11416	lidar	5.08888e-322	-8.22492	-4.79812	-8.13095	-4.5493	-3.15376	-3.98906
1477010457750000	-8.1877	-5.12219	5.28038	-2.12036	-0.108187	radar	0.652466	-8.453	-4.95621	-8.2901	-4.74759	-3.2093	-3.93862
1477010457800000	-8.1877	-5.12219	5.28038	-2.12036	-0.108187	lidar	5.08888e-322	-8.33552	-5.1059	-8.45204	-4.94331	-3.26514	-3.88641
1477010457850000	-8.46096	-5.47855	5.19018	-2.13772	-0.106813	radar	0.854954	-8.55062	-4.79248	-8.61678	-5.13637	-3.32121	-3.83242
1477010457900000	-8.46096	-5.47855	5.19018	-2.13772	-0.106813	lidar	5.08888e-322	-8.91477	-5.51752	-8.78433	-5.32669	-3.37745	-3.77663
1477010457950000	-8.76948	-5.87885	5.17655	-2.15689	-0.111246	radar	0.0840459	-9.04115	-5.69364	-8.95469	-5.51417	-3.43377	-3.71901
1477010458000000	-8.76948	-5.87885	5.17655	-2.15689	-0.111246	lidar	5.08888e-322	-9.03391	-5.80267	-9.12788	-5.69872	-3.49012	-3.65955
1477010458050000	-9.02214	-6.21822	5.08152	-2.17017	-0.10818	radar	1.65592	-8.86897	-5.41973	-9.30388	-5.88026	-3.54643	-3.59823
1477010458100000	-9.02214	-6.21822	5.08152	-2.17017	-0.10818	lidar	5.08888e-322	-9.30811	-5.82368	-9.4827	-6.05868	-3.60261	-3.53503
1477010458150000	-9.36272	-6.59394	5.07771	-2.1943	-0.11584	radar	0.266532	-9.80646	-6.41174	-9.66432	-6.23389	-3.6586	-3.46994
1477010458200000	-9.36272	-6.59394	5.07771	-2.1943	-0.11584	lidar	5.08888e-322	-9.62547	-6.55958	-9.84874	-6.4058	-3.71431	-3.40295
1477010458250000	-9.78379	-6.9299	5.11823	-2.23737	-0.138226	radar	1.07602	-10.6688	-6.35543	-10.0359	-6.57431	-3.76969	-3.33404
1477010458300000	-9.78379	-6.9299	5.11823	-2.23737	-0.138226	lidar	5.08888e-322	-10.2246	-6.83402	-10.2259	-6.73933	-3.82463	-3.26321
1477010458350000	-10.1102	-7.28509	5.11819	-2.25963	-0.144924	radar	0.371882	-10.2205	-6.71044	-10.4186	-6.90075	-3.87907	-3.19046
1477010458400000	-10.1102	-7.28509	5.11819	-2.25963	-0.144924	lidar	5.08888e-322	-10.7616	-7.29159	-10.614	-7.05849	-3.93293	-3.11577
1477010458450000	-10.487	-7.60155	5.11864	-2.29244	-0.157113	radar	0.274919	-10.8944	-6.83335	-10.8121	-7.21245	-3.98613	-3.03916
1477010458500000	-10.487	-7.60155	5.11864	-2.29244	-0.157113	lidar	5.08888e-322	-11.2219	-7.56979	-11.0128	-7.36252	-4.03859	-2.96062
1477010458550000	-10.8362	-7.91977	5.08578	-2.31734	-0.161916	radar	0.244299	-10.986	-7.3707	-11.2161	-7.50862	-4.09021	-2.88015
1477010458600000	-10.8362	-7.91977	5.08578	-2.31734	-0.161916	lidar	5.08888e-322	-11.0934	-7.6776	-11.422	-7.65064	-4.14093	-2.79777
1477010458650000	-11.2023	-8.20572	5.04687	-2.34691	-0.169125	radar	0.383465	-11.4213	-7.46085	-11.6304	-7.78849	-4.19066	-2.71349
1477010458700000	-11.2023	-8.20572	5.04687	-2.34691	-0.169125	lidar	5.08888e-322	-11.5269	-7.8215	-11.8413	-7.92208	-4.23932	-2.6273
1477010458750000	-11.5998	-8.44161	4.95631	-2.38405	-0.177886	radar	0.660619	-11.9422	-7.88317	-12.0546	-8.05131	-4.28682	-2.53924
1477010458800000	-11.5998	-8.44161	4.95631	-2.38405	-0.177886	lidar	5.08888e-322	-12.09	-8.08828	-12.2702	-8.17609	-4.33309	-2.44932
1477010458850000	-12.0006	-8.7466	5.01027	-2.41187	-0.185014	radar	0.582341	-12.4462	-8.02117	-12.4881	-8.29633	-4.37802	-2.35756
1477010458900000	-12.0006	-8.7466	5.01027	-2.41187	-0.185014	lidar	5.08888e-322	-12.4231	-8.2599	-12.7082	-8.41193	-4.42156	-2.26399
1477010458950000	-12.4226	-8.92857	4.91037	-2.45678	-0.198276	radar	0.821426	-12.7461	-8.19449	-12.9304	-8.5228	-4.4636	-2.16863
1477010459000000	-12.4226	-8.92857	4.91037	-2.45678	-0.198276	lidar	5.08888e-322	-13.2911	-8.64594	-13.1547	-8.62886	-4.50407	-2.07151
1477010459050000	-12.9098	-9.15464	4.94793	-2.49985	-0.210398	radar	0.65339	-13.7929	-8.47158	-13.381	-8.73002	-4.54289	-1.97267
1477010459100000	-12.9098	-9.15464	4.94793	-2.49985	-0.210398	lidar	5.08888e-322	-13.384	-8.57583	-13.6092	-8.82619	-4.57997	-1.87214
1477010459150000	-13.3662	-9.23999	4.81802	-2.56117	-0.233285	radar	1.51838	-13.6376	-8.26344	-13.8392	-8.91729	-4.61524	-1.76997
1477010459200000	-13.3662	-9.23999	4.81802	-2.56117	-0.233285	lidar	5.08888e-322	-13.9959	-8.99264	-14.0709	-9.00324	-4.64861	-1.6662
1477010459250000	-13.8147	-9.48926	4.886	-2.5862	-0.231791	radar	0.588009	-14.4737	-8.79552	-14.3043	-9.08395	-4.68001	-1.56086
1477010459300000	-13.8147	-9.48926	4.886	-2.5862	-0.231791	lidar	5.08888e-322	-14.4273	-9.1875	-14.5391	-9.15936	-4.70936	-1.45402
1477010459350000	-14.2784	-9.64518	4.85008	-2.63127	-0.244256	radar	0.164295	-14.5757	-9.32634	-14.7754	-9.22939	-4.73658	-1.34573
1477010459400000	-14.2784	-9.64518	4.85008	-2.63127	-0.244256	lidar	5.08888e-322	-15.062	-9.04396	-15.013	-9.29397	-4.76161	-1.23603
1477010459450000	-14.8136	-9.79623	4.87375	-2.6783	-0.254878	radar	1.33013	-15.6189	-9.69365	-15.2517	-9.35302	-4.78436	-1.125
1477010459500000	-14.8136	-9.79623	4.87375	-2.6783	-0.254878	lidar	5.08888e-322	-15.6682	-9.56749	-15.4916	-9.40649	-4.80476	-1.01269
1477010459550000	-15.3684	-9.80763	4.81577	-2.75346	-0.28402	radar	0.815302	-15.9382	-9.35751	-15.7324	-9.45431	-4.82275	-0.899159
1477010459600000	-15.3684	-9.80763	4.81577	-2.75346	-0.28402	lidar	5.08888e-322	-16.0862	-9.59819	-15.9741	-9.49642	-4.83827	-0.784484
1477010459650000	-15.9255	-9.78838	4.78617	-2.82757	-0.309788	radar	0.358742	-16.6033	-8.85459	-16.2164	-9.53277	-4.85124	-0.668734
1477010459700000	-15.9255	-9.78838	4.78617	-2.82757	-0.309788	lidar	5.08888e-322	-16.4229	-9.37029	-16.4594	-9.5633	-4.8616	-0.55198
1477010459750000	-16.3515	-9.82077	4.71305	-2.88578	-0.330534	radar	1.42631	-16.011	-9.33486	-16.7027	-9.58797	-4.8693	-0.434301
1477010459800000	-16.3515	-9.82077	4.71305	-2.88578	-0.330534	lidar	5.08888e-322	-17.1132	-9.43043	-16.9464	-9.60673	-4.87427	-0.315773
1477010459850000	-16.8096	-10.0259	4.75984	-2.89574	-0.314488	radar	1.03773	-16.9255	-10.8571	-17.1903	-9.61954	-4.87646	-0.196479
1477010459900000	-16.8096	-10.0259	4.75984	-2.89574	-0.314488	lidar	5.08888e-322	-17.5448	-9.57485	-17.4342	-9.62636	-4.87583	-0.0765024
1477010459950000	-17.3812	-9.96875	4.75763	-2.96629	-0.336119	radar	0.738723	-18.1371	-9.39146	-17.6781	-9.62717	-4.87232	0.0440703
1477010460000000	-17.3812	-9.96875	4.75763	-2.96629	-0.336119	lidar	5.08888e-322	-17.9724	-9.42299	-17.9216	-9.62194	-4.86588	0.165151
1477010460050000	-17.9275	-9.84494	4.73134	-3.04916	-0.366635	radar	0.397304	-18.3083	-9.18778	-18.1648	-9.61064	-4.85648	0.286648
1477010460100000	-17.9275	-9.84494	4.73134	-3.04916	-0.366635	lidar	5.08888e-322	-18.2763	-9.60997	-18.4074	-9.59325	-4.84408	0.40847
1477010460150000	-18.3534	-9.89959	4.72236	-3.07874	-0.36232	radar	0.292309	-18.2443	-9.58547	-18.6493	-9.56977	-4.82864	0.530522
1477010460200000	-18.3534	-9.89959	4.72236	-3.07874	-0.36232	lidar	5.08888e-322	-18.9545	-9.51544	-18.8904	-9.54017	-4.81012	0.652707
1477010460250000	-18.7867	-9.87719	4.70404	-3.12181	-0.36591	radar	0.914407	-18.6983	-9.02886	-19.1305	-9.50447	-4.78851	0.774927
1477010460300000	-18.7867	-9.87719	4.70404	-3.12181	-0.36591	lidar	5.08888e-322	-19.2983	-9.09865	-19.3694	-9.46265	-4.76378	0.897083
1477010460350000	-19.325	-9.65175	4.68907	3.06883	-0.401541	radar	0.560518	-19.7037	-8.79906	-19.6069	-9.41472	-4.73591	1.01907
1477010460400000	-19.325	-9.65175	4.68907	3.06883	-0.401541	lidar	5.08888e-322	-19.8731	-8.96417	-19.8431	-9.36071	-4.70487	1.1408
1477010460450000	-19.8465	-9.39963	4.69175	2.98473	-0.425923	radar	0.509982	-20.3815	-7.6755	-20.0775	-9.30061	-4.67066	1.26215
1477010460500000	-19.8465	-9.39963	4.69175	2.98473	-0.425923	lidar	5.08888e-322	-20.1607	-9.59663	-20.3102	-9.23446	-4.63328	1.38303
1477010460550000	-20.3155	-9.35487	4.70296	2.95386	-0.417748	radar	0.280502	-20.4587	-9.7448	-20.5409	-9.16227	-4.59271	1.50334
1477010460600000	-20.3155	-9.35487	4.70296	2.95386	-0.417748	lidar	5.08888e-322	-20.6596	-8.91527	-20.7696	-9.08409	-4.54895	1.62296
1477010460650000	-20.8474	-9.14012	4.72927	2.88994	-0.429704	radar	0.677456	-21.5568	-8.5005	-20.9959	-8.99994	-4.50202	1.74179
1477010460700000	-20.8474	-9.14012	4.72927	2.88994	-0.429704	lidar	5.08888e-322	-21.0195	-8.85081	-21.2198	-8.90987	-4.45191	1.85972
1477010460750000	-21.3599	-8.90196	4.7515	2.82252	-0.44555	radar	0.593896	-21.8628	-8.64129	-21.4412	-8.81393	-4.39865	1.97666
1477010460800000	-21.3599	-8.90196	4.7515	2.82252	-0.44555	lidar	5.08888e-322	-21.5029	-8.87191	-21.6597	-8.71217	-4.34224	2.0925
1477010460850000	-21.8335	-8.45739	4.76497	2.70112	-0.499875	radar	1.41834	-21.9514	-7.41274	-21.8754	-8.60465	-4.2827	2.20712
1477010460900000	-21.8335	-8.45739	4.76497	2.70112	-0.499875	lidar	5.08888e-322	-21.9793	-8.57089	-22.0881	-8.49143	-4.22007	2.32043
1477010460950000	-22.2255	-8.28494	4.74932	2.66539	-0.487572	radar	0.338548	-22.1914	-7.70392	-22.2975	-8.37258	-4.15437	2.43232
1477010461000000	-22.2255	-8.28494	4.74932	2.66539	-0.487572	lidar	5.08888e-322	-22.5838	-8.35296	-22.5035	-8.24817	-4.08564	2.5427
1477010461050000	-22.614	-8.05319	4.74337	2.60714	-0.497559	radar	0.111377	-22.3177	-8.57758	-22.7061	-8.11829	-4.01391	2.65145
1477010461100000	-22.614	-8.05319	4.74337	2.60714	-0.497559	lidar	5.08888e-322	-22.9861	-7.6724	-22.9049	-7.98301	-3.93923	2.75848
1477010461150000	-23.0458	-7.69864	4.7715	2.52326	-0.528471	radar	1.1749	-23.2693	-8.32031	-23.1	-7.84243	-3.86163	2.8637
1477010461200000	-23.0458	-7.69864	4.7715	2.52326	-0.528471	lidar	5.08888e-322	-23.4777	-7.56583	-23.2911	-7.69663	-3.78118	2.967
1477010461250000	-23.4185	-7.47429	4.75466	2.49476	-0.5059	radar	0.315536	-23.473	-7.02103	-23.4781	-7.54572	-3.69792	3.06828
1477010461300000	-23.4185	-7.47429	4.75466	2.49476	-0.5059	lidar	5.08888e-322	-23.5408	-7.36069	-23.6609	-7.3898	-3.61191	3.16746
1477010461350000	-23.8025	-7.1588	4.7606	2.44703	-0.50091	radar	0.0442894	-24.0505	-6.56968	-23.8393	-7.22897	-3.52321	3.26445
1477010461400000	-23.8025	-7.1588	4.7606	2.44703	-0.50091	lidar	5.08888e-322	-23.9384	-7.26171	-24.0132	-7.06336	-3.43189	3.35916
1477010461450000	-24.16	-6.76203	4.7758	2.37937	-0.51368	radar	0.131585	-24.3577	-5.94086	-24.1825	-6.89307	-3.33801	3.45149
1477010461500000	-24.16	-6.76203	4.7758	2.37937	-0.51368	lidar	5.08888e-322	-24.2574	-6.4352	-24.347	-6.71823	-3.24166	3.54138
1477010461550000	-24.5157	-6.40741	4.79314	2.31492	-0.532061	radar	1.02985	-24.788	-7.18367	-24.5066	-6.53896	-3.14289	3.62873
1477010461600000	-24.5157	-6.40741	4.79314	2.31492	-0.532061	lidar	5.08888e-322	-24.3008	-6.43799	-24.6612	-6.35538	-3.0418	3.71347
1477010461650000	-24.7988	-6.01342	4.79691	2.2465	-0.545899	radar	0.230915	-24.6108	-6.00878	-24.8107	-6.16764	-2.93846	3.79553
1477010461700000	-24.7988	-6.01342	4.79691	2.2465	-0.545899	lidar	5.08888e-322	-25.146	-5.91902	-24.955	-5.97587	-2.83295	3.87484
1477010461750000	-25.0602	-5.59192	4.79879	2.18315	-0.550261	radar	0.343716	-24.8975	-5.02285	-25.094	-5.7802	-2.72537	3.95132
1477010461800000	-25.0602	-5.59192	4.79879	2.18315	-0.550261	lidar	5.08888e-322	-25.1941	-5.64372	-25.2276	-5.58079	-2.61581	4.02492
1477010461850000	-25.3532	-5.24561	4.78517	2.14961	-0.529919	radar	0.332339	-25.5328	-5.4399	-25.3556	-5.37777	-2.50435	4.09557
1477010461900000	-25.3532	-5.24561	4.78517	2.14961	-0.529919	lidar	5.08888e-322	-25.5713	-5.10241	-25.4779	-5.1713	-2.39109	4.16322
1477010461950000	-25.5846	-4.96218	4.74686	2.1196	-0.50887	radar	0.647771	-25.0178	-6.55904	-25.5946	-4.96152	-2.27613	4.22781
1477010462000000	-25.5846	-4.96218	4.74686	2.1196	-0.50887	lidar	5.08888e-322	-25.6952	-4.89995	-25.7055	-4.7486	-2.15956	4.2893
1477010462050000	-25.8243	-4.55351	4.74438	2.0753	-0.499756	radar	0.0659461	-25.8162	-4.40681	-25.8105	-4.53268	-2.04149	4.34764
1477010462100000	-25.8243	-4.55351	4.74438	2.0753	-0.499756	lidar	5.08888e-322	-25.9516	-4.26659	-25.9096	-4.31392	-1.92202	4.40279
1477010462150000	-26.0803	-4.1449	4.76192	2.01253	-0.52769	radar	3.24744	-26.8953	-4.43966	-26.0027	-4.0925	-1.80125	4.45471
1477010462200000	-26.0803	-4.1449	4.76192	2.01253	-0.52769	lidar	5.08888e-322	-26.1198	-3.67723	-26.0897	-3.86856	-1.67928	4.50337
1477010462250000	-26.2583	-3.68907	4.78225	1.93516	-0.562359	radar	1.1498	-26.5652	-3.85723	-26.1706	-3.64227	-1.55623	4.54875
1477010462300000	-26.2583	-3.68907	4.78225	1.93516	-0.562359	lidar	5.08888e-322	-25.9974	-3.24722	-26.2453	-3.41381	-1.4322	4.59081
1477010462350000	-26.3722	-3.18678	4.80646	1.85209	-0.59235	radar	0.541226	-26.2976	-3.01078	-26.3138	-3.18332	-1.30729	4.62954
1477010462400000	-26.3722	-3.18678	4.80646	1.85209	-0.59235	lidar	5.08888e-322	-26.1741	-2.87885	-26.376	-2.95098	-1.18162	4.66493
1477010462450000	-26.4826	-2.75057	4.80439	1.78954	-0.599432	radar	0.0605966	-26.4681	-3.44967	-26.4319	-2.71697	-1.05529	4.69696
1477010462500000	-26.4826	-2.75057	4.80439	1.78954	-0.599432	lidar	5.08888e-322	-26.674	-2.73852	-26.4815	-2.48143	-0.928411	4.72562
1477010462550000	-26.585	-2.2647	4.80185	1.73676	-0.588944	radar	0.0760098	-26.657	-1.72382	-26.5247	-2.24456	-0.80109	4.75091
1477010462600000	-26.585	-2.2647	4.80185	1.73676	-0.588944	lidar	5.08888e-322	-26.6691	-2.17333	-26.5616	-2.0065	-0.673434	4.77284
1477010462650000	-26.6328	-1.7721	4.79236	1.68293	-0.576096	radar	0.616498	-26.3248	-1.32261	-26.5921	-1.76744	-0.545553	4.79141
1477010462700000	-26.6328	-1.7721	4.79236	1.68293	-0.576096	lidar	5.08888e-322	-26.4671	-1.53207	-26.6161	-1.52753	-0.417552	4.80664
1477010462750000	-26.6377	-1.32627	4.79272	1.61181	-0.594949	radar	0.268521	-26.4998	-2.19526	-26.6338	-1.28695	-0.289538	4.81852
1477010462800000	-26.6377	-1.32627	4.79272	1.61181	-0.594949	lidar	5.08888e-322	-26.5998	-1.14277	-26.6451	-1.04586	-0.161616	4.8271
1477010462850000	-26.6984	-0.906796	4.77846	1.56685	-0.586348	radar	1.02352	-27.2008	-1.67679	-26.65	-0.804425	-0.0338883	4.83238
1477010462900000	-26.6984	-0.906796	4.77846	1.56685	-0.586348	lidar	5.08888e-322	-26.7355	-0.59539	-26.6485	-0.562811	0.0935412	4.83439
1477010462950000	-26.6903	-0.407381	4.79717	1.50094	-0.598829	radar	0.428966	-26.9891	0.0351487	-26.6406	-0.321181	0.220572	4.83317
1477010463000000	-26.6903	-0.407381	4.79717	1.50094	-0.598829	lidar	5.08888e-322	-26.4553	0.0602653	-26.6264	-0.0796947	0.347104	4.82874
1477010463050000	-26.659	0.0696492	4.80535	1.4398	-0.604529	radar	0.314116	-26.9537	0.136943	-26.6059	0.161489	0.473041	4.82116
1477010463100000	-26.659	0.0696492	4.80535	1.4398	-0.604529	lidar	5.08888e-322	-26.6201	0.57588	-26.5792	0.402213	0.598287	4.81045
1477010463150000	-26.6221	0.523201	4.7874	1.39601	-0.585471	radar	0.328492	-26.8241	0.381506	-26.5462	0.642323	0.722748	4.79667
1477010463200000	-26.6221	0.523201	4.7874	1.39601	-0.585471	lidar	5.08888e-322	-26.7293	1.06082	-26.5069	0.881666	0.846334	4.77986
1477010463250000	-26.5159	1.08192	4.78966	1.35182	-0.554076	radar	1.71069	-25.9562	2.60409	-26.4616	1.12009	0.968955	4.76007
1477010463300000	-26.5159	1.08192	4.78966	1.35182	-0.554076	lidar	5.08888e-322	-26.3986	1.42212	-26.4101	1.35745	1.09053	4.73737
1477010463350000	-26.4336	1.44068	4.745	1.31464	-0.534351	radar	0.503062	-26.5072	-0.563928	-26.3526	1.59361	1.21096	4.71181
1477010463400000	-26.4336	1.44068	4.745	1.31464	-0.534351	lidar	5.08888e-322	-26.3594	1.79315	-26.2891	1.82841	1.33018	4.68345
1477010463450000	-26.3061	1.89259	4.7428	1.26338	-0.531736	radar	0.00541249	-26.3475	1.82827	-26.2197	2.06173	1.44811	4.65235
1477010463500000	-26.3061	1.89259	4.7428	1.26338	-0.531736	lidar	5.08888e-322	-26.2502	2.18481	-26.1444	2.29342	1.56467	4.61859
1477010463550000	-26.1683	2.34993	4.73085	1.22591	-0.508055	radar	0.475542	-26.069	2.27896	-26.0633	2.52336	1.67979	4.58223
1477010463600000	-26.1683	2.34993	4.73085	1.22591	-0.508055	lidar	5.08888e-322	-26.0641	2.80701	-25.9765	2.75141	1.79339	4.54334
1477010463650000	-26.008	2.78733	4.73969	1.16797	-0.522676	radar	0.574148	-26.3234	3.02388	-25.8841	2.97746	1.90543	4.502
1477010463700000	-26.008	2.78733	4.73969	1.16797	-0.522676	lidar	5.08888e-322	-25.8345	3.42005	-25.7861	3.20139	2.01582	4.45828
1477010463750000	-25.8518	3.24659	4.74526	1.12566	-0.514075	radar	0.52952	-26.1824	3.73376	-25.6826	3.42306	2.12452	4.41227
1477010463800000	-25.8518	3.24659	4.74526	1.12566	-0.514075	lidar	5.08888e-322	-25.6666	3.63509	-25.5737	3.64239	2.23146	4.36404
1477010463850000	-25.6272	3.63819	4.73569	1.07176	-0.516141	radar	0.0832132	-25.5773	3.13316	-25.4596	3.85924	2.3366	4.31367
1477010463900000	-25.6272	3.63819	4.73569	1.07176	-0.516141	lidar	5.08888e-322	-25.7492	3.99968	-25.3402	4.07353	2.43989	4.26125
1477010463950000	-25.3891	4.03352	4.72746	1.02207	-0.51232	radar	0.0589767	-25.3516	3.75691	-25.2157	4.28514	2.54127	4.20686
1477010464000000	-25.3891	4.03352	4.72746	1.02207	-0.51232	lidar	5.08888e-322	-25.0214	4.52803	-25.0863	4.49399	2.64071	4.15058
1477010464050000	-25.071	4.42964	4.7178	0.968518	-0.502438	radar	2.73769	-24.2719	4.30917	-24.9518	4.69998	2.73817	4.09251
1477010464100000	-25.071	4.42964	4.7178	0.968518	-0.502438	lidar	5.08888e-322	-25.0363	4.88499	-24.8126	4.90303	2.83361	4.03273
1477010464150000	-24.7614	4.81971	4.71864	0.915397	-0.500046	radar	0.579849	-24.3609	4.95947	-24.6686	5.10304	2.92701	3.97132
1477010464200000	-24.7614	4.81971	4.71864	0.915397	-0.500046	lidar	5.08888e-322	-24.5041	5.35293	-24.5201	5.29995	3.01833	3.90839
1477010464250000	-24.4438	5.18137	4.73426	0.852772	-0.516674	radar	0.205436	-24.4379	5.24592	-24.367	5.49367	3.10754	3.84401
1477010464300000	-24.4438	5.18137	4.73426	0.852772	-0.516674	lidar	5.08888e-322	-24.1159	5.61152	-24.2095	5.68414	3.19464	3.77827
1477010464350000	-24.1418	5.48338	4.73125	0.79494	-0.529182	radar	0.394916	-24.5638	4.75836	-24.0477	5.8713	3.27959	3.71127
1477010464400000	-24.1418	5.48338	4.73125	0.79494	-0.529182	lidar	5.08888e-322	-23.9153	5.94377	-23.8818	6.05508	3.36239	3.64309
1477010464450000	-23.8283	5.85273	4.69887	0.766786	-0.493457	radar	1.16906	-23.5491	6.44495	-23.7117	6.23542	3.44302	3.57383
1477010464500000	-23.8283	5.85273	4.69887	0.766786	-0.493457	lidar	5.08888e-322	-23.6471	6.29102	-23.5377	6.41227	3.52148	3.50357
1477010464550000	-23.5262	6.20894	4.68813	0.735836	-0.473496	radar	0.518173	-23.7544	6.53746	-23.3598	6.58559	3.59775	3.4324
1477010464600000	-23.5262	6.20894	4.68813	0.735836	-0.473496	lidar	5.08888e-322	-23.0099	6.86182	-23.1781	6.75533	3.67185	3.36041
1477010464650000	-23.1396	6.45841	4.6713	0.681646	-0.474226	radar	1.15233	-22.7862	5.74143	-22.9928	6.92146	3.74376	3.28768
1477010464700000	-23.1396	6.45841	4.6713	0.681646	-0.474226	lidar	5.08888e-322	-22.6991	7.063	-22.804	7.08393	3.8135	3.21431
1477010464750000	-22.7286	6.73105	4.68702	0.619631	-0.488403	radar	0.464408	-22.418	6.76159	-22.6117	7.24273	3.88106	3.14038
1477010464800000	-22.7286	6.73105	4.68702	0.619631	-0.488403	lidar	5.08888e-322	-22.5083	7.31524	-22.4161	7.39782	3.94647	3.06598
1477010464850000	-22.2902	7.03822	4.74669	0.549793	-0.516266	radar	0.77202	-22.0543	7.85452	-22.2173	7.54917	4.00974	2.99118
1477010464900000	-22.2902	7.03822	4.74669	0.549793	-0.516266	lidar	5.08888e-322	-22.1947	7.69478	-22.0154	7.69679	4.07087	2.91607
1477010464950000	-21.9053	7.41056	4.74571	0.52653	-0.484804	radar	1.07006	-21.6178	9.0351	-21.8105	7.84064	4.12989	2.84074
1477010465000000	-21.9053	7.41056	4.74571	0.52653	-0.484804	lidar	5.08888e-322	-21.6473	7.94	-21.6026	7.98072	4.18681	2.76526
1477010465050000	-21.5317	7.67914	4.73265	0.495122	-0.468242	radar	0.52169	-21.8637	7.78661	-21.392	8.11703	4.24166	2.68971
1477010465100000	-21.5317	7.67914	4.73265	0.495122	-0.468242	lidar	5.08888e-322	-21.0853	7.83229	-21.1787	8.24957	4.29447	2.61417
1477010465150000	-21.1028	8.04294	4.74251	0.479918	-0.430842	radar	1.12304	-20.5503	9.28616	-20.9628	8.37833	4.34526	2.53871
1477010465200000	-21.1028	8.04294	4.74251	0.479918	-0.430842	lidar	5.08888e-322	-21.0519	8.50983	-20.7444	8.50333	4.39406	2.46341
1477010465250000	-20.6234	8.29756	4.78139	0.424088	-0.444351	radar	0.425898	-19.9265	9.40847	-20.5237	8.62457	4.4409	2.38835
1477010465300000	-20.6234	8.29756	4.78139	0.424088	-0.444351	lidar	5.08888e-322	-20.21	8.68914	-20.3006	8.74206	4.48582	2.31358
1477010465350000	-20.2047	8.57783	4.77207	0.409625	-0.411511	radar	0.779904	-20.2277	8.8532	-20.0753	8.85583	4.52884	2.23919
1477010465400000	-20.2047	8.57783	4.77207	0.409625	-0.411511	lidar	5.08888e-322	-20.0633	8.86724	-19.848	8.96589	4.57001	2.16524
1477010465450000	-19.7834	8.84103	4.76521	0.39781	-0.379906	radar	0.686419	-19.9264	8.78179	-19.6186	9.07227	4.60937	2.09179
1477010465500000	-19.7834	8.84103	4.76521	0.39781	-0.379906	lidar	5.08888e-322	-19.4861	8.96665	-19.3873	9.17499	4.64694	2.01891
1477010465550000	-19.2909	9.09304	4.80386	0.358213	-0.382201	radar	0.237888	-18.5719	10.2069	-19.1542	9.27409	4.68278	1.94666
1477010465600000	-19.2909	9.09304	4.80386	0.358213	-0.382201	lidar	5.08888e-322	-18.6786	9.19191	-18.9193	9.36959	4.71692	1.8751
1477010465650000	-18.8675	9.24893	4.79413	0.321916	-0.382271	radar	0.212028	-19.2825	8.98189	-18.6827	9.46154	4.7494	1.80429
1477010465700000	-18.8675	9.24893	4.79413	0.321916	-0.382271	lidar	5.08888e-322	-18.4242	9.46852	-18.4446	9.54996	4.78028	1.73429
1477010465750000	-18.399	9.22301	4.78492	0.241387	-0.420842	radar	1.58608	-18.1634	8.72444	-18.2049	9.63492	4.80959	1.66514
1477010465800000	-18.399	9.22301	4.78492	0.241387	-0.420842	lidar	5.08888e-322	-17.7736	9.72478	-17.9639	9.71643	4.83737	1.59691
1477010465850000	-17.8995	9.38667	4.78613	0.211685	-0.403852	radar	0.795131	-17.2296	9.97767	-17.7214	9.79457	4.86368	1.52964
1477010465900000	-17.8995	9.38667	4.78613	0.211685	-0.403852	lidar	5.08888e-322	-17.3436	9.88109	-17.4777	9.86936	4.88856	1.46338
1477010465950000	-17.4078	9.54918	4.80965	0.176954	-0.40094	radar	0.070828	-17.1554	10.212	-17.2328	9.94087	4.91205	1.39818
1477010466000000	-17.4078	9.54918	4.80965	0.176954	-0.40094	lidar	5.08888e-322	-16.8876	10.145	-16.9868	10.0091	4.93421	1.33408
1477010466050000	-16.9102	9.67286	4.82376	0.142246	-0.395763	radar	0.0692803	-16.5958	10.1078	-16.7396	10.0743	4.95507	1.27113
1477010466100000	-16.9102	9.67286	4.82376	0.142246	-0.395763	lidar	5.08888e-322	-16.5153	10.3091	-16.4915	10.1362	4.97469	1.20937
1477010466150000	-16.4025	9.82661	4.84919	0.11355	-0.388398	radar	0.124923	-16.09	10.5824	-16.2424	10.1952	4.99311	1.14883
1477010466200000	-16.4025	9.82661	4.84919	0.11355	-0.388398	lidar	5.08888e-322	-16.006	10.1843	-15.9924	10.2511	5.01039	1.08956
1477010466250000	-15.904	9.96453	4.85418	0.0953141	-0.369156	radar	0.276489	-15.7234	10.41	-15.7416	10.3041	5.02655	1.03159
1477010466300000	-15.904	9.96453	4.85418	0.0953141	-0.369156	lidar	5.08888e-322	-15.5699	10.1904	-15.4899	10.3543	5.04166	0.974957
1477010466350000	-15.3394	10.01	4.91563	0.0342939	-0.394165	radar	1.22541	-14.2385	10.9109	-15.2376	10.4016	5.05576	0.919692
1477010466400000	-15.3394	10.01	4.91563	0.0342939	-0.394165	lidar	5.08888e-322	-14.9365	10.4722	-14.9846	10.4462	5.06889	0.865828
1477010466450000	-14.8635	10.0274	4.86637	0.0204766	-0.360666	radar	1.72624	-14.724	9.63507	-14.7309	10.4882	5.0811	0.813394
1477010466500000	-14.8635	10.0274	4.86637	0.0204766	-0.360666	lidar	5.08888e-322	-14.4088	10.222	-14.4766	10.5276	5.09243	0.762418
1477010466550000	-14.3378	10.0929	4.88597	-0.00600012	-0.352212	radar	0.155283	-13.9005	10.5238	-14.2218	10.5645	5.10293	0.712926
1477010466600000	-14.3378	10.0929	4.88597	-0.00600012	-0.352212	lidar	5.08888e-322	-13.8049	10.9383	-13.9665	10.5989	5.11263	0.664944
1477010466650000	-13.7952	10.2514	4.89377	0.00292824	-0.311551	radar	1.19218	-13.3956	10.7857	-13.7107	10.631	5.12159	0.618496
1477010466700000	-13.7952	10.2514	4.89377	0.00292824	-0.311551	lidar	5.08888e-322	-13.3556	10.5517	-13.4545	10.6608	5.12983	0.573603
1477010466750000	-13.2621	10.3349	4.92074	-0.0144689	-0.301893	radar	0.0827939	-12.9374	10.8137	-13.1979	10.6884	5.13741	0.530288
1477010466800000	-13.2621	10.3349	4.92074	-0.0144689	-0.301893	lidar	5.08888e-322	-12.9591	11.0099	-12.9409	10.7138	5.14436	0.48857
1477010466850000	-12.6824	10.52	4.96754	-0.0048652	-0.271651	radar	0.586548	-12.2518	11.2495	-12.6836	10.7373	5.15071	0.448467
1477010466900000	-12.6824	10.52	4.96754	-0.0048652	-0.271651	lidar	5.08888e-322	-12.3713	10.6091	-12.426	10.7587	5.15651	0.409997
1477010466950000	-12.1164	10.6604	5.00591	0.00381756	-0.242739	radar	0.427069	-11.9352	10.9161	-12.1681	10.7783	5.16179	0.373177
1477010467000000	-12.1164	10.6604	5.00591	0.00381756	-0.242739	lidar	5.08888e-322	-11.9451	11.0515	-11.91	10.7961	5.16658	0.338022
1477010467050000	-11.5528	10.7234	5.04174	-0.00548249	-0.229685	radar	0.43992	-10.9703	10.9676	-11.6516	10.8121	5.17092	0.304546
1477010467100000	-11.5528	10.7234	5.04174	-0.00548249	-0.229685	lidar	5.08888e-322	-11.4548	10.9407	-11.393	10.8265	5.17484	0.272761
1477010467150000	-11.1663	10.5078	4.97973	-0.0906827	-0.28281	radar	1.62292	-11.3472	10.5111	-11.1342	10.8394	5.17836	0.242681
1477010467200000	-11.1663	10.5078	4.97973	-0.0906827	-0.28281	lidar	5.08888e-322	-10.6009	10.6823	-10.8753	10.8509	5.18153	0.214317
1477010467250000	-10.654	10.5253	4.98631	-0.10537	-0.272995	radar	0.205758	-10.6563	10.8369	-10.6161	10.8609	5.18435	0.187679
1477010467300000	-10.654	10.5253	4.98631	-0.10537	-0.272995	lidar	5.08888e-322	-10.4142	10.8747	-10.3569	10.8697	5.18687	0.162776
1477010467350000	-10.0781	10.6923	5.00093	-0.0675756	-0.215369	radar	2.52492	-9.90413	11.2255	-10.0976	10.8772	5.1891	0.139618
1477010467400000	-10.0781	10.6923	5.00093	-0.0675756	-0.215369	lidar	5.08888e-322	-9.83445	11.1032	-9.83809	10.8837	5.19106	0.118212
1477010467450000	-9.60373	10.6802	4.98657	-0.0718639	-0.198447	radar	0.28632	-10.195	10.3498	-9.57852	10.8891	5.19278	0.0985664
1477010467500000	-9.60373	10.6802	4.98657	-0.0718639	-0.198447	lidar	5.08888e-322	-9.3066	11.0348	-9.31887	10.8936	5.19428	0.0806865
1477010467550000	-9.09917	10.6596	4.98872	-0.0744342	-0.179515	radar	0.358465	-9.2226	10.3527	-9.05915	10.8972	5.19557	0.0645787
1477010467600000	-9.09917	10.6596	4.98872	-0.0744342	-0.179515	lidar	5.08888e-322	-8.78899	11.0707	-8.79937	10.9001	5.19667	0.050248
1477010467650000	-8.6249	10.5828	4.97555	-0.0854619	-0.167449	radar	0.504863	-8.83914	10.0319	-8.53953	10.9023	5.19759	0.0376992
1477010467700000	-8.6249	10.5828	4.97555	-0.0854619	-0.167449	lidar	5.08888e-322	-8.62045	10.6577	-8.27965	10.9039	5.19835	0.0269359
1477010467750000	-8.06164	10.6669	5.0108	-0.0709481	-0.142529	radar	0.620047	-7.91543	11.1157	-8.01974	10.905	5.19896	0.0179617
1477010467800000	-8.06164	10.6669	5.0108	-0.0709481	-0.142529	lidar	5.08888e-322	-7.51971	11.0005	-7.75979	10.9057	5.19942	0.0107791
1477010467850000	-7.49927	10.695	5.04745	-0.0597982	-0.117671	radar	0.547142	-7.25987	10.6458	-7.49981	10.9061	5.19975	0.00539029
1477010467900000	-7.49927	10.695	5.04745	-0.0597982	-0.117671	lidar	5.08888e-322	-7.15631	10.815	-7.23983	10.9063	5.19994	0.00179692
1477010467950000	-6.93728	10.8149	5.0872	-0.0239892	-0.0763711	radar	1.46733	-7.39396	11.0181	-6.97983	10.9064	5.2	-7.84874e-015
