time_stamp	px_state	py_state	v_state	yaw_angle_state	yaw_rate_state	sensor_type	NIS	px_measured	py_measured	px_ground_truth	py_ground_truth	vx_ground_truth	vy_ground_truth
1477010443000000	0.312243	0.58034	0	0	0	lidar	5.08888e-322	0.312243	0.58034	0.6	0.6	5.19994	0
1477010443050000	0.704532	0.574613	7.21007	-2.05309e-017	-1.83155e-018	radar	15.3411	0.862916	0.534212	0.859997	0.600045	5.19975	0.00179686
1477010443100000	1.10273	0.512635	7.53877	-0.288929	-0.0135163	lidar	0.916967	1.17385	0.481073	1.11998	0.600225	5.19943	0.00538996
1477010443150000	1.29831	0.433137	7.03227	-0.356294	-0.0360552	radar	1.07945	0.969149	0.397513	1.37996	0.600629	5.19898	0.0107781
1477010443200000	1.62235	0.553269	6.61526	-0.0841284	-0.00956575	lidar	1.06145	1.65063	0.62469	1.6399	0.601347	5.19839	0.0179597
1477010443250000	1.87773	0.546039	5.95404	-0.0727176	-0.0999679	radar	1.30134	1.62331	0.499091	1.89982	0.60247	5.19766	0.0269323
1477010443300000	2.1721	0.605811	5.88411	-0.0103471	-0.0433173	lidar	0.257247	2.18882	0.648739	2.1597	0.604086	5.19678	0.0376932
1477010443350000	2.41481	0.612872	5.61415	-0.00998313	-0.101711	radar	1.4758	1.96701	0.557117	2.41954	0.606284	5.19573	0.0502389
1477010443400000	2.67729	0.644258	5.56532	0.015554	-0.0402271	lidar	0.0913869	2.65526	0.66598	2.67932	0.609155	5.1945	0.0645654
1477010443450000	2.94143	0.647188	5.5101	0.00881547	-0.0678285	radar	0.108559	2.92034	0.645898	2.93904	0.612786	5.19309	0.080668
1477010443500000	3.15284	0.651383	5.38737	0.0157431	-0.0389555	lidar	1.26008	3.01222	0.637046	3.19869	0.617267	5.19147	0.0985415
1477010443550000	3.41942	0.643874	5.38088	0.00117602	-0.0742206	radar	0.154235	3.56096	0.485311	3.45825	0.622685	5.18963	0.11818
1477010443600000	3.75858	0.437118	5.55079	-0.195205	-0.522788	lidar	3.10308	3.89365	0.311793	3.71772	0.62913	5.18754	0.139576
1477010443650000	4.03744	0.402358	5.57854	-0.194356	-0.452382	radar	0.386455	4.19786	0.698311	3.97708	0.636689	5.18519	0.162724
1477010443700000	4.30437	0.483494	5.53513	-0.0997592	-0.206714	lidar	0.984549	4.30935	0.578564	4.23632	0.645449	5.18256	0.187614
1477010443750000	4.56895	0.455566	5.50512	-0.113767	-0.218966	radar	0.2856	4.61908	0.68951	4.49542	0.655498	5.17962	0.214238
1477010443800000	4.71285	0.70349	5.22085	0.0901007	0.180092	lidar	11.978	4.35143	0.899174	4.75437	0.666921	5.17634	0.242587
1477010443850000	4.9636	0.728938	5.1876	0.0993214	0.179968	radar	0.580125	5.20901	0.66599	5.01315	0.679804	5.1727	0.272649
1477010443900000	5.29528	0.689907	5.31493	0.0595854	0.097238	lidar	3.17637	5.51894	0.648233	5.27175	0.694234	5.16867	0.304413
1477010443950000	5.55668	0.70448	5.31928	0.0636826	0.0963382	radar	0.443817	5.22834	0.639362	5.53013	0.710295	5.16422	0.337868
1477010444000000	5.86884	0.710085	5.39398	0.0595707	0.082321	lidar	1.37445	6.022	0.708619	5.78828	0.728072	5.15932	0.372999
1477010444050000	6.11803	0.718673	5.34112	0.0577597	0.0725866	radar	1.03654	5.89392	0.373584	6.04618	0.747647	5.15393	0.409793
1477010444100000	6.36876	0.846133	5.32192	0.132152	0.173934	lidar	1.02613	6.34249	0.948833	6.30379	0.769103	5.14803	0.448233
1477010444150000	6.62287	0.882354	5.29455	0.141275	0.174565	radar	0.274976	6.62134	0.836138	6.5611	0.792523	5.14157	0.488305
1477010444200000	6.86611	0.8219	5.26021	0.0930091	0.0992034	lidar	1.36903	6.78214	0.714036	6.81808	0.817988	5.13452	0.52999
1477010444250000	7.11431	0.843541	5.21214	0.0961036	0.0963995	radar	1.20224	7.29121	0.630741	7.07469	0.845578	5.12685	0.573269
1477010444300000	7.31774	0.916279	5.13822	0.129012	0.131599	lidar	2.04765	7.13735	0.957217	7.3309	0.875373	5.11851	0.618123
1477010444350000	7.58937	0.950171	5.17933	0.13485	0.130648	radar	1.12949	8.08349	0.819605	7.58668	0.907449	5.10946	0.664531
1477010444400000	7.84312	0.868234	5.16008	0.0808203	0.0597762	lidar	1.83355	7.80533	0.719126	7.84199	0.941886	5.09966	0.712469
1477010444450000	8.09519	0.888135	5.13416	0.0830896	0.0586696	radar	0.806733	8.40453	0.884557	8.0968	0.978759	5.08907	0.761915
1477010444500000	8.32959	0.88245	5.10095	0.0735016	0.0447467	lidar	0.501537	8.24796	0.840322	8.35106	1.01814	5.07766	0.812843
1477010444550000	8.59412	0.906186	5.14014	0.0779042	0.0474238	radar	0.866527	8.45858	1.41118	8.60472	1.06011	5.06537	0.865226
1477010444600000	8.82512	0.978425	5.1117	0.105677	0.0748296	lidar	0.744501	8.74615	1.04858	8.85775	1.10473	5.05216	0.919037
1477010444650000	9.0962	1.00808	5.14278	0.109779	0.0752106	radar	2.19642	9.8809	1.1419	9.1101	1.15208	5.03798	0.974245
1477010444700000	9.33061	1.04336	5.11433	0.117402	0.0792973	lidar	0.320667	9.25579	1.04913	9.36172	1.20223	5.0228	1.03082
1477010444750000	9.59878	1.07682	5.14502	0.1221	0.0800357	radar	1.22529	10.1016	1.52474	9.61255	1.25524	5.00656	1.08873
1477010444800000	9.88898	1.2344	5.21415	0.179728	0.135251	lidar	4.55224	10.0484	1.44598	9.86254	1.31118	4.98922	1.14794
1477010444850000	10.143	1.28448	5.19288	0.188067	0.137149	radar	1.21246	10.5377	1.72555	10.1117	1.37011	4.97074	1.20841
1477010444900000	10.3635	1.38358	5.15385	0.217867	0.160765	lidar	1.1731	10.2492	1.45907	10.3598	1.4321	4.95106	1.2701
1477010444950000	10.6062	1.44239	5.1157	0.227957	0.163465	radar	1.36604	10.9084	1.70343	10.6069	1.49721	4.93014	1.33298
1477010445000000	10.8296	1.48616	5.07648	0.231463	0.158932	lidar	0.612064	10.7313	1.45265	10.853	1.56549	4.90794	1.39701
1477010445050000	11.0851	1.54568	5.09361	0.238854	0.158197	radar	0.510177	11.4783	1.42876	11.0979	1.637	4.8844	1.46213
1477010445100000	11.386	1.60383	5.16932	0.24169	0.152541	lidar	2.2817	11.587	1.61462	11.3416	1.71179	4.85948	1.52832
1477010445150000	11.6269	1.666	5.14335	0.250123	0.153723	radar	0.312299	11.4763	1.53917	11.584	1.78992	4.83313	1.59551
1477010445200000	11.8545	1.73821	5.11605	0.262568	0.158773	lidar	0.330972	11.7788	1.74591	11.8251	1.87144	4.80531	1.66366
1477010445250000	12.1075	1.8064	5.13496	0.270042	0.157996	radar	0.175973	12.136	2.14937	12.0647	1.95639	4.77598	1.73273
1477010445300000	12.3498	1.84467	5.11845	0.26582	0.145579	lidar	0.289021	12.3226	1.78353	12.3029	2.04482	4.74508	1.80265
1477010445350000	12.601	1.91244	5.13641	0.272219	0.144343	radar	0.200324	12.5457	1.77728	12.5394	2.13677	4.71257	1.87338
1477010445400000	12.7882	2.05488	5.07856	0.313927	0.180457	lidar	3.25244	12.5924	2.17509	12.7743	2.23227	4.67842	1.94485
1477010445450000	13.0446	2.13551	5.12093	0.321124	0.177702	radar	0.872379	13.2198	2.6644	13.0075	2.33137	4.64258	2.01701
1477010445500000	13.239	2.2871	5.08141	0.362636	0.211974	lidar	2.35554	13.0875	2.40708	13.2388	2.43409	4.605	2.08981
1477010445550000	13.4537	2.3792	5.03006	0.376997	0.217084	radar	1.92657	12.7087	3.12439	13.4682	2.54047	4.56565	2.16317
1477010445600000	13.7145	2.51964	5.08879	0.403186	0.232751	lidar	1.51514	13.836	2.62479	13.6955	2.65053	4.52448	2.23703
1477010445650000	13.9424	2.62101	5.07508	0.415962	0.234354	radar	0.0934123	13.8302	2.73893	13.9208	2.7643	4.48147	2.31134
1477010445700000	14.1748	2.79607	5.11171	0.455536	0.263331	lidar	1.46824	14.2106	2.94205	14.1439	2.88179	4.43656	2.38601
1477010445750000	14.4138	2.90925	5.13946	0.466055	0.259529	radar	0.354581	14.5568	2.87021	14.3646	3.00303	4.38974	2.46099
1477010445800000	14.6069	2.99287	5.0737	0.471142	0.251791	lidar	1.61762	14.4616	2.90734	14.583	3.12802	4.34097	2.5362
1477010445850000	14.8397	3.10999	5.09714	0.481944	0.249003	radar	0.355379	14.6754	3.96041	14.7989	3.25679	4.29021	2.61157
1477010445900000	15.046	3.3222	5.12815	0.532862	0.289248	lidar	2.30792	15.0261	3.5067	15.0122	3.38932	4.23744	2.68703
1477010445950000	15.265	3.45612	5.12019	0.548998	0.291681	radar	0.405864	15.3685	4.14761	15.2228	3.52563	4.18263	2.76249
1477010446000000	15.4821	3.66753	5.17033	0.5924	0.321565	lidar	1.78975	15.5236	3.82936	15.4306	3.66572	4.12575	2.83789
1477010446050000	15.6933	3.81293	5.16648	0.608717	0.321958	radar	0.0357851	15.7234	3.4105	15.6355	3.80957	4.06678	2.91315
1477010446100000	15.9187	3.97169	5.19221	0.625561	0.322482	lidar	0.242712	15.9774	4.00094	15.8375	3.95719	4.00571	2.98817
1477010446150000	16.121	4.12747	5.16892	0.645509	0.328211	radar	0.631373	16.3376	4.21632	16.0363	4.10854	3.94251	3.0629
1477010446200000	16.32	4.33595	5.202	0.681563	0.34854	lidar	0.780652	16.3313	4.44499	16.2319	4.26363	3.87716	3.13723
1477010446250000	16.5244	4.50199	5.20771	0.698315	0.347745	radar	0.166249	16.7586	4.48231	16.4242	4.42242	3.80966	3.21109
1477010446300000	16.6948	4.67727	5.18051	0.72373	0.356479	lidar	0.476995	16.6039	4.67344	16.613	4.5849	3.74	3.28438
1477010446350000	16.8684	4.85379	5.13164	0.750591	0.36978	radar	1.6371	16.9236	5.10119	16.7983	4.75103	3.66817	3.35704
1477010446400000	17.0318	5.09004	5.15988	0.794289	0.395961	lidar	1.06593	16.9955	5.21099	16.9799	4.92077	3.59416	3.42897
1477010446450000	17.2027	5.2761	5.14147	0.817499	0.401025	radar	0.236056	17.3421	4.64623	17.1579	5.09409	3.51797	3.50008
1477010446500000	17.3574	5.46029	5.11579	0.840604	0.404528	lidar	0.295593	17.2894	5.43542	17.3319	5.27094	3.4396	3.57028
1477010446550000	17.5149	5.6523	5.09219	0.865343	0.411145	radar	0.411608	17.6463	4.74597	17.5019	5.45128	3.35907	3.63949
1477010446600000	17.7146	5.77433	5.05547	0.853576	0.377675	lidar	1.81967	17.7853	5.62476	17.6679	5.63506	3.27637	3.70762
1477010446650000	17.8671	5.96741	5.02742	0.878515	0.386702	radar	0.615551	17.9216	6.07151	17.8297	5.82221	3.19151	3.77458
1477010446700000	18.0492	6.15943	5.04847	0.890527	0.37881	lidar	0.348986	18.1263	6.16985	17.9872	6.01269	3.10453	3.84027
1477010446750000	18.2024	6.35781	5.03984	0.911653	0.382084	radar	0.109318	18.1245	6.79027	18.1402	6.20641	3.01542	3.90462
1477010446800000	18.3159	6.596	5.04435	0.952649	0.404966	lidar	0.910211	18.2164	6.66138	18.2888	6.40332	2.92421	3.96753
1477010446850000	18.4533	6.80352	5.03072	0.976456	0.410238	radar	0.159859	18.4022	7.02231	18.4328	6.60333	2.83093	4.0289
1477010446900000	18.5926	6.9415	4.94835	0.976861	0.389989	lidar	2.1507	18.5422	6.76013	18.572	6.80638	2.7356	4.08867
1477010446950000	18.7345	7.14814	4.95833	0.993999	0.386662	radar	0.0824774	18.8089	7.24388	18.7064	7.01237	2.63825	4.14672
1477010447000000	18.9445	7.29262	4.9485	0.972565	0.344182	lidar	3.29687	19.1441	7.18344	18.8359	7.22122	2.53893	4.20299
1477010447050000	19.0569	7.49512	4.90398	1.00014	0.358602	radar	1.72526	18.5479	7.4012	18.9604	7.43283	2.43767	4.25737
1477010447100000	19.1357	7.7591	4.92989	1.04893	0.390593	lidar	1.75156	19.0138	7.8688	19.0798	7.64712	2.3345	4.3098
1477010447150000	19.2536	7.97329	4.92515	1.06959	0.392189	radar	0.0289338	19.3089	7.67375	19.1939	7.86397	2.22949	4.36017
1477010447200000	19.3133	8.18475	4.87387	1.10615	0.410202	lidar	2.06829	19.132	8.12845	19.3028	8.08329	2.12266	4.40842
1477010447250000	19.4155	8.40114	4.87133	1.12674	0.409456	radar	0.725402	19.0239	8.17194	19.4062	8.30497	2.01409	4.45445
1477010447300000	19.4905	8.54252	4.74875	1.13793	0.40082	lidar	4.37462	19.347	8.30741	19.5042	8.5289	1.90381	4.49819
1477010447350000	19.5827	8.75806	4.73989	1.16047	0.404412	radar	0.0766015	19.6843	8.35902	19.5966	8.75494	1.7919	4.53956
1477010447400000	19.7623	8.93643	4.74691	1.14165	0.363992	lidar	3.70704	20.0039	8.8906	19.6835	8.983	1.67841	4.57848
1477010447450000	19.8478	9.15171	4.72725	1.16584	0.372615	radar	0.33071	19.6061	9.48659	19.7645	9.21294	1.56341	4.61488
1477010447500000	19.99	9.38361	4.77893	1.16918	0.356487	lidar	1.93019	20.1574	9.45949	19.8398	9.44463	1.44697	4.64869
1477010447550000	20.0581	9.60043	4.74119	1.19874	0.372981	radar	1.29084	19.6163	9.76606	19.9093	9.67795	1.32916	4.67984
1477010447600000	20.1418	9.84468	4.7722	1.22204	0.377575	lidar	0.258077	20.1573	9.90876	19.9728	9.91275	1.21005	4.70826
1477010447650000	20.2166	10.0691	4.76859	1.2426	0.379462	radar	0.331917	19.1911	11.5493	20.0303	10.1489	1.08972	4.73389
1477010447700000	20.2505	10.3478	4.81917	1.28642	0.404639	lidar	1.40225	20.166	10.4687	20.0818	10.3863	0.968259	4.75666
1477010447750000	20.2919	10.5755	4.78683	1.31883	0.42139	radar	1.35618	19.6775	10.803	20.1271	10.6247	0.845742	4.77652
1477010447800000	20.3452	10.8606	4.8597	1.35027	0.431463	lidar	1.38232	20.371	11.0109	20.1663	10.864	0.722256	4.7934
1477010447850000	20.3885	11.097	4.85239	1.37527	0.435873	radar	0.306196	19.4335	12.3402	20.1993	11.1041	0.597892	4.80727
1477010447900000	20.4016	11.344	4.85199	1.4104	0.449496	lidar	0.443605	20.3164	11.3483	20.2261	11.3449	0.472738	4.81807
1477010447950000	20.3958	11.5762	4.80274	1.45564	0.480927	radar	3.82788	19.2063	12.2418	20.2466	11.5861	0.346889	4.82575
1477010448000000	20.4663	11.8392	4.85372	1.46491	0.465355	lidar	1.85454	20.6141	11.9422	20.2608	11.8275	0.220439	4.83027
1477010448050000	20.4875	12.0777	4.85468	1.48646	0.461545	radar	0.997022	19.966	11.9688	20.2687	12.0692	0.093487	4.83159
1477010448100000	20.4497	12.3722	4.91847	1.53693	0.488678	lidar	1.95913	20.3263	12.4966	20.2701	12.3108	-0.0338694	4.82968
1477010448150000	20.4245	12.6113	4.88712	1.57903	0.513383	radar	1.8405	20.0192	12.4823	20.2652	12.5522	-0.161529	4.82451
1477010448200000	20.439	12.8615	4.89979	1.59735	0.505779	lidar	0.257508	20.498	12.8924	20.254	12.7933	-0.28939	4.81605
1477010448250000	20.4199	13.1038	4.88969	1.62881	0.514818	radar	0.260043	20.9151	12.2555	20.2363	13.0339	-0.417348	4.80428
1477010448300000	20.3528	13.3108	4.82997	1.6723	0.533556	lidar	2.59432	20.1943	13.1688	20.2122	13.2738	-0.545298	4.78918
1477010448350000	20.318	13.547	4.82458	1.70159	0.536231	radar	0.532906	19.858	13.5236	20.1818	13.5129	-0.673135	4.77072
1477010448400000	20.2909	13.8097	4.86137	1.72611	0.533423	lidar	0.431469	20.3245	13.8896	20.1449	13.7509	-0.800753	4.74892
1477010448450000	20.2379	14.0448	4.8512	1.76012	0.543625	radar	0.342326	20.3387	13.5307	20.1017	13.9878	-0.928043	4.72374
1477010448500000	20.169	14.2976	4.87682	1.79537	0.551433	lidar	0.238368	20.1216	14.337	20.0521	14.2233	-1.0549	4.69521
1477010448550000	20.1025	14.5298	4.8706	1.82695	0.556002	radar	0.614745	19.6717	14.4038	19.9962	14.4573	-1.18121	4.66331
1477010448600000	19.9677	14.7736	4.89833	1.88227	0.583415	lidar	2.12908	19.781	14.773	19.934	14.6897	-1.30687	4.62805
1477010448650000	19.8914	15.0036	4.89812	1.90805	0.577166	radar	0.757287	20.1149	14.0165	19.8655	14.9202	-1.43177	4.58944
1477010448700000	19.8656	15.2212	4.86265	1.9145	0.555072	lidar	1.49521	20.0208	15.2053	19.7908	15.1486	-1.55581	4.54751
1477010448750000	19.7517	15.4381	4.84602	1.96387	0.587592	radar	2.54341	20.0157	15.3443	19.7099	15.3749	-1.67887	4.50226
1477010448800000	19.7275	15.6289	4.77163	1.96764	0.562835	lidar	2.4771	19.9131	15.554	19.6229	15.5989	-1.80085	4.45372
1477010448850000	19.6269	15.8439	4.76816	1.99874	0.566476	radar	0.208789	19.9388	15.0864	19.5298	15.8203	-1.92164	4.40193
1477010448900000	19.5125	16.0483	4.75806	2.03285	0.57245	lidar	0.168222	19.4748	16.0098	19.4307	16.039	-2.04114	4.3469
1477010448950000	19.4054	16.2591	4.75824	2.05819	0.566309	radar	0.596391	19.1556	16.0022	19.3257	16.2549	-2.15925	4.28868
1477010449000000	19.2806	16.4214	4.69758	2.09591	0.576566	lidar	1.40076	19.238	16.2719	19.2148	16.4679	-2.27586	4.22731
1477010449050000	19.1588	16.6218	4.69686	2.12561	0.577771	radar	0.0133618	19.4007	16.2962	19.0981	16.6777	-2.39087	4.16284
1477010449100000	19.0241	16.8246	4.70921	2.15677	0.579893	lidar	0.0397887	19.0029	16.8387	18.9757	16.8841	-2.50418	4.0953
1477010449150000	18.8785	17.0133	4.708	2.19802	0.599704	radar	1.79779	18.8373	17.7112	18.8477	17.0872	-2.61571	4.02476
1477010449200000	18.7024	17.2472	4.79556	2.23314	0.603692	lidar	1.57495	18.6148	17.3832	18.7142	17.2866	-2.72534	3.95127
1477010449250000	18.5752	17.4472	4.79692	2.24427	0.57506	radar	1.77419	18.8177	17.0316	18.5752	17.4822	-2.83299	3.87489
1477010449300000	18.3398	17.6173	4.84271	2.30485	0.606337	lidar	3.61305	18.1023	17.5529	18.4309	17.674	-2.93858	3.79568
1477010449350000	18.1922	17.805	4.84124	2.32021	0.583568	radar	1.22135	18.2749	17.4877	18.2814	17.8617	-3.042	3.71372
1477010449400000	18.0723	17.9937	4.81797	2.33058	0.565079	lidar	1.27878	18.2094	18.0461	18.1268	18.0453	-3.14318	3.62906
1477010449450000	17.8982	18.1605	4.81682	2.36314	0.570786	radar	0.175154	18.3021	17.498	17.9671	18.2246	-3.24204	3.5418
1477010449500000	17.7718	18.2985	4.73748	2.3831	0.563303	lidar	1.41196	17.9018	18.2183	17.8026	18.3994	-3.3385	3.45199
1477010449550000	17.6157	18.4747	4.73823	2.39872	0.547213	radar	1.69887	18.8558	18.1364	17.6334	18.5697	-3.43247	3.35973
1477010449600000	17.4243	18.6505	4.7745	2.42616	0.546834	lidar	0.266419	17.3845	18.7039	17.4595	18.7353	-3.5239	3.26509
1477010449650000	17.2405	18.8023	4.77362	2.45449	0.547748	radar	0.110444	17.7945	18.0801	17.281	18.8962	-3.61271	3.16817
1477010449700000	17.0862	18.9338	4.72037	2.47699	0.543524	lidar	0.625066	17.1762	18.8863	17.0983	19.0521	-3.69883	3.06904
1477010449750000	16.912	19.0906	4.72	2.49401	0.530449	radar	1.04197	16.9398	19.7311	16.9113	19.203	-3.78221	2.9678
1477010449800000	16.6856	19.1876	4.71403	2.54257	0.552455	lidar	1.81642	16.5734	19.052	16.7201	19.3488	-3.86278	2.86455
1477010449850000	16.4981	19.3279	4.71403	2.56385	0.544947	radar	0.840546	16.1674	20.2201	16.5251	19.4894	-3.9405	2.75938
1477010449900000	16.2809	19.4951	4.77731	2.58376	0.536896	lidar	1.02173	16.2338	19.6171	16.3262	19.6246	-4.01531	2.65237
1477010449950000	16.064	19.6028	4.77765	2.61988	0.547562	radar	2.11251	16.4366	18.2742	16.1237	19.7545	-4.08716	2.54364
1477010450000000	15.8714	19.7561	4.79404	2.63186	0.532045	lidar	0.929512	15.9243	19.8703	15.9176	19.8789	-4.15602	2.43329
1477010450050000	15.6699	19.8804	4.78793	2.64814	0.516052	radar	0.730227	16.2328	19.2166	15.7082	19.9978	-4.22185	2.32141
1477010450100000	15.4497	20.0397	4.8421	2.66023	0.501785	lidar	1.25012	15.4332	20.1836	15.4956	20.111	-4.28461	2.2081
1477010450150000	15.2428	20.1619	4.84043	2.67738	0.491824	radar	0.878351	14.3677	21.3406	15.2799	20.2185	-4.34427	2.09347
1477010450200000	15.0682	20.3089	4.82058	2.67913	0.469323	lidar	2.03157	15.2016	20.4385	15.0613	20.3203	-4.4008	1.97763
1477010450250000	14.8437	20.4026	4.82256	2.70932	0.477615	radar	0.645635	14.7476	19.9571	14.84	20.4162	-4.4542	1.86068
1477010450300000	14.6334	20.5279	4.83138	2.72222	0.46661	lidar	0.451021	14.6665	20.6088	14.6161	20.5063	-4.50443	1.74272
1477010450350000	14.4062	20.6152	4.83535	2.75239	0.47681	radar	0.241239	13.841	21.0031	14.3897	20.5904	-4.55149	1.62386
1477010450400000	14.1501	20.6772	4.85742	2.79139	0.491678	lidar	0.985913	14.0521	20.5924	14.1611	20.6686	-4.59537	1.50421
1477010450450000	13.917	20.7512	4.86142	2.82142	0.499952	radar	0.159203	13.8232	20.859	13.9304	20.7408	-4.63606	1.38386
1477010450500000	13.632	20.8019	4.91928	2.86351	0.516381	lidar	1.91271	13.4686	20.7253	13.6977	20.807	-4.67357	1.26294
1477010450550000	13.3847	20.8493	4.92938	2.90196	0.534768	radar	0.709632	13.8263	20.4261	13.4632	20.8671	-4.70789	1.14153
1477010450600000	13.1363	20.8858	4.92979	2.93672	0.542752	lidar	0.236889	13.1072	20.8294	13.2271	20.9211	-4.73904	1.01975
1477010450650000	12.8978	20.9383	4.92917	2.96175	0.541178	radar	0.499742	13.2669	21.1579	12.9895	20.969	-4.76702	0.897694
1477010450700000	12.7083	20.9966	4.86176	2.97564	0.528933	lidar	1.81704	12.8729	21.0592	12.7506	21.0108	-4.79186	0.775469
1477010450750000	12.4662	21.0304	4.86626	3.00516	0.533935	radar	0.178005	11.5171	21.6724	12.5106	21.0465	-4.81358	0.653175
1477010450800000	12.2194	21.0734	4.88026	3.02751	0.529387	lidar	0.0919562	12.2062	21.11	12.2695	21.0761	-4.83219	0.530912
1477010450850000	11.9756	21.0947	4.88514	3.05753	0.535582	radar	0.301443	12.3859	21.1066	12.0276	21.0996	-4.84773	0.408778
1477010450900000	11.7239	21.0491	4.87343	3.10901	0.560474	lidar	2.11469	11.6814	20.8651	11.785	21.117	-4.86022	0.286869
1477010450950000	11.4764	21.0447	4.87864	-3.14144	0.566314	radar	0.34088	11.5265	20.6748	11.5418	21.1283	-4.86971	0.165281
1477010451000000	11.2647	21.0458	4.83203	-3.11679	0.563354	lidar	0.597042	11.363	21.0688	11.2982	21.1335	-4.87623	0.0441057
1477010451050000	11.0165	21.0202	4.84183	-3.08064	0.572802	radar	1.38761	10.5558	20.5567	11.0544	21.1327	-4.87982	-0.076565
1477010451100000	10.8058	20.9801	4.79136	-3.04443	0.581224	lidar	0.609051	10.8903	20.927	10.8105	21.1259	-4.88053	-0.196643
1477010451150000	10.5708	20.9623	4.77874	-3.02224	0.570391	radar	0.561473	9.30535	21.3896	10.5666	21.1131	-4.8784	-0.31604
1477010451200000	10.2909	21.0059	4.85296	-3.0233	0.539369	lidar	3.17084	10.189	21.209	10.3229	21.0943	-4.87349	-0.434674
1477010451250000	10.0524	20.9791	4.8506	-2.99836	0.537333	radar	0.219287	9.97958	21.2932	10.0795	21.0697	-4.86585	-0.552463
1477010451300000	9.85831	20.9464	4.78201	-2.97296	0.53692	lidar	1.18127	9.99634	20.9797	9.83658	21.0391	-4.85554	-0.669327
1477010451350000	9.62799	20.9196	4.76244	-2.95665	0.521538	radar	0.629393	9.38223	21.111	9.59422	21.0028	-4.84262	-0.785189
1477010451400000	9.43137	20.8696	4.70702	-2.9281	0.524834	lidar	0.693336	9.53921	20.8762	9.35258	20.9607	-4.82714	-0.899977
1477010451450000	9.20447	20.8233	4.70283	-2.90445	0.522146	radar	0.339256	9.63392	20.9724	9.11177	20.9128	-4.80919	-1.01362
1477010451500000	8.90516	20.7879	4.8086	-2.8912	0.507735	lidar	2.54059	8.70331	20.8221	8.87192	20.8594	-4.78881	-1.12605
1477010451550000	8.67282	20.7218	4.80987	-2.86431	0.509287	radar	0.214591	9.84634	20.009	8.63315	20.8003	-4.76608	-1.2372
1477010451600000	8.39118	20.6167	4.89347	-2.828	0.519101	lidar	2.64429	8.22277	20.4839	8.39557	20.7358	-4.74108	-1.34701
1477010451650000	8.15984	20.5389	4.89278	-2.80232	0.51873	radar	0.00218682	8.29647	20.4978	8.1593	20.6657	-4.71387	-1.45542
1477010451700000	7.91901	20.4549	4.90969	-2.77755	0.517328	lidar	0.0662391	7.88599	20.45	7.92445	20.5903	-4.68453	-1.56237
1477010451750000	7.69263	20.3683	4.91181	-2.75146	0.519365	radar	0.897944	8.29081	20.6565	7.69111	20.5096	-4.65313	-1.66781
1477010451800000	7.38729	20.3128	5.01557	-2.75021	0.493032	lidar	3.05886	7.18029	20.392	7.45939	20.4237	-4.61975	-1.7717
1477010451850000	7.15672	20.2162	5.01157	-2.7272	0.490235	radar	0.0798241	7.09214	20.1196	7.22939	20.3326	-4.58448	-1.87399
1477010451900000	6.89594	20.1355	5.05042	-2.71563	0.476674	lidar	0.56984	6.81542	20.1859	7.00119	20.2364	-4.54738	-1.97462
1477010451950000	6.66849	20.0376	5.0402	-2.69632	0.470624	radar	0.18661	6.89359	20.1536	6.7749	20.1352	-4.50854	-2.07357
1477010452000000	6.42486	19.9508	5.05479	-2.68437	0.458764	lidar	0.32827	6.38914	20.0137	6.55059	20.0292	-4.46805	-2.17079
1477010452050000	6.20145	19.8484	5.04496	-2.66588	0.453851	radar	0.84644	6.67637	20.2142	6.32834	19.9183	-4.42598	-2.26625
1477010452100000	5.94292	19.7604	5.08076	-2.65972	0.436736	lidar	0.739218	5.86119	19.8306	6.10823	19.8027	-4.38241	-2.35993
1477010452150000	5.71861	19.6262	5.09808	-2.63063	0.446684	radar	0.426385	5.28178	19.5036	5.89034	19.6824	-4.33744	-2.45178
1477010452200000	5.54781	19.5108	5.02204	-2.60408	0.451767	lidar	1.44672	5.69089	19.5755	5.67472	19.5577	-4.29114	-2.5418
1477010452250000	5.33372	19.3724	5.03005	-2.57799	0.456248	radar	0.206569	5.9506	18.9859	5.46145	19.4284	-4.24359	-2.62995
1477010452300000	5.12796	19.2847	4.99364	-2.57143	0.440164	lidar	1.49307	5.17021	19.4397	5.25059	19.2948	-4.19488	-2.71622
1477010452350000	4.92067	19.1624	4.97566	-2.55582	0.431847	radar	0.718523	5.87397	19.301	5.04219	19.157	-4.1451	-2.80059
1477010452400000	4.76584	19.0059	4.91831	-2.51847	0.448498	lidar	1.02871	4.89149	18.982	4.8363	19.015	-4.09432	-2.88305
1477010452450000	4.56775	18.8553	4.9291	-2.49294	0.453359	radar	0.157958	3.98679	19.0452	4.63297	18.8689	-4.04263	-2.96359
1477010452500000	4.39504	18.7323	4.88075	-2.4751	0.448986	lidar	0.896612	4.4685	18.834	4.43224	18.7188	-3.99012	-3.0422
1477010452550000	4.20526	18.586	4.86782	-2.4563	0.443487	radar	0.159654	4.69245	18.4634	4.23416	18.5648	-3.93685	-3.11888
1477010452600000	4.08596	18.4331	4.77947	-2.41986	0.459124	lidar	2.0246	4.26269	18.481	4.03876	18.4071	-3.88293	-3.19362
1477010452650000	3.90894	18.2629	4.812	-2.38915	0.472144	radar	2.00113	3.42434	18.8357	3.84606	18.2457	-3.82841	-3.26644
1477010452700000	3.65381	18.1237	4.89098	-2.39427	0.441689	lidar	2.52452	3.45919	18.167	3.65611	18.0807	-3.77339	-3.33732
1477010452750000	3.4766	17.9662	4.87213	-2.37723	0.434546	radar	0.327358	4.3011	17.9267	3.46891	17.9122	-3.71795	-3.40627
1477010452800000	3.25317	17.7915	4.93564	-2.36697	0.421985	lidar	1.09646	3.12525	17.7493	3.28449	17.7402	-3.66215	-3.47331
1477010452850000	3.07997	17.61	4.95461	-2.34085	0.430005	radar	0.5524	2.65664	17.888	3.10287	17.565	-3.60609	-3.53844
1477010452900000	2.90556	17.5197	4.87833	-2.34779	0.401683	lidar	5.11845	2.9449	17.8154	2.92405	17.3866	-3.54982	-3.60167
1477010452950000	2.73979	17.3232	4.91634	-2.31653	0.417588	radar	1.11693	3.26647	17.0897	2.74805	17.2051	-3.49344	-3.66302
1477010453000000	2.57089	17.1289	4.93268	-2.29316	0.419964	lidar	0.123846	2.55407	17.0853	2.57486	17.0205	-3.437	-3.72251
1477010453050000	2.4084	16.9523	4.91097	-2.2777	0.411738	radar	0.372121	2.55039	16.8884	2.4045	16.833	-3.38059	-3.78014
1477010453100000	2.2493	16.7802	4.8971	-2.26221	0.40666	lidar	0.164491	2.25371	16.8334	2.23695	16.6427	-3.32428	-3.83595
1477010453150000	2.09372	16.586	4.89362	-2.24255	0.404186	radar	1.36678	1.57735	16.0489	2.07221	16.4497	-3.26812	-3.88995
1477010453200000	1.93741	16.3289	4.96596	-2.20629	0.419869	lidar	2.97223	1.88972	16.1054	1.91027	16.254	-3.21219	-3.94216
1477010453250000	1.79046	16.1402	4.94091	-2.19119	0.411582	radar	0.397278	1.74362	16.2687	1.75112	16.0557	-3.15656	-3.99261
1477010453300000	1.58249	15.9786	4.96544	-2.20238	0.378728	lidar	1.90858	1.44745	16.0853	1.59474	15.8549	-3.10129	-4.04132
1477010453350000	1.441	15.7624	4.99288	-2.17647	0.38834	radar	0.528958	1.6097	15.5526	1.44111	15.6517	-3.04644	-4.08832
1477010453400000	1.26922	15.531	5.0516	-2.1609	0.383776	lidar	1.02567	1.18395	15.4284	1.29021	15.4463	-2.99207	-4.13364
1477010453450000	1.12897	15.3283	5.03776	-2.14527	0.379098	radar	0.200119	0.828993	15.528	1.14201	15.2386	-2.93825	-4.1773
1477010453500000	0.913225	15.1002	5.13197	-2.14922	0.354622	lidar	2.74512	0.722706	15.0075	0.996486	15.0288	-2.88503	-4.21933
1477010453550000	0.770363	14.9035	5.09709	-2.14012	0.342865	radar	0.924308	1.03147	15.2134	0.853604	14.8169	-2.83246	-4.25977
1477010453600000	0.666563	14.6885	5.06744	-2.11254	0.353863	lidar	0.333941	0.737301	14.7047	0.71333	14.603	-2.78061	-4.29864
1477010453650000	0.540742	14.4599	5.0865	-2.09022	0.360044	radar	0.306041	0.722177	14.2445	0.575628	14.3872	-2.72952	-4.33598
1477010453700000	0.366035	14.2352	5.13463	-2.08871	0.342637	lidar	0.867392	0.253435	14.2029	0.440459	14.1696	-2.67925	-4.37181
1477010453750000	0.245882	13.9961	5.16883	-2.06382	0.353877	radar	0.749398	-0.0328023	13.9604	0.307779	13.9502	-2.62984	-4.40617
1477010453800000	0.234224	13.7403	5.1101	-2.00289	0.398963	lidar	3.53394	0.459172	13.6856	0.177545	13.7292	-2.58135	-4.43909
1477010453850000	0.131196	13.5017	5.12882	-1.97981	0.403885	radar	0.328658	0.0524412	13.6377	0.0497099	13.5065	-2.53381	-4.47061
1477010453900000	-0.0401821	13.2756	5.1728	-1.987	0.375087	lidar	1.49037	-0.190344	13.2856	-0.0757753	13.2823	-2.48728	-4.50075
1477010453950000	-0.145562	13.0482	5.15067	-1.97259	0.368976	radar	0.27995	-0.275043	13.1456	-0.198962	13.0566	-2.44179	-4.52955
1477010454000000	-0.152819	12.8299	5.05893	-1.92486	0.400357	lidar	3.10032	0.0462308	12.9301	-0.319903	12.8295	-2.39739	-4.55704
1477010454050000	-0.241009	12.5991	5.03355	-1.90887	0.394053	radar	0.73194	-0.684792	12.3563	-0.438654	12.6011	-2.35412	-4.58326
1477010454100000	-0.37227	12.3648	5.06287	-1.90829	0.373819	lidar	0.714934	-0.476482	12.3633	-0.555273	12.3714	-2.31202	-4.60823
1477010454150000	-0.458569	12.1411	5.03218	-1.89522	0.366546	radar	0.901826	-0.972122	12.5207	-0.669818	12.1404	-2.27111	-4.63198
1477010454200000	-0.553982	11.9323	5.00343	-1.88819	0.355099	lidar	0.702501	-0.582624	12.0386	-0.78235	11.9083	-2.23144	-4.65456
1477010454250000	-0.633366	11.7004	4.98739	-1.87363	0.350622	radar	0.254965	-1.26757	11.6495	-0.892931	11.6751	-2.19304	-4.67598
1477010454300000	-0.856791	11.4556	5.08461	-1.91296	0.290337	lidar	6.69764	-1.17212	11.3988	-1.00163	11.4409	-2.15594	-4.69628
1477010454350000	-0.947103	11.2257	5.05142	-1.90524	0.280013	radar	1.16167	-0.891441	10.959	-1.1085	11.2057	-2.12017	-4.71549
1477010454400000	-1.14814	11.0036	5.09743	-1.93964	0.229238	lidar	4.06179	-1.39289	11.0424	-1.21362	10.9695	-2.08575	-4.73364
1477010454450000	-1.23509	10.762	5.1098	-1.92503	0.234017	radar	0.229704	-1.29894	10.9012	-1.31706	10.7324	-2.05273	-4.75075
1477010454500000	-1.37804	10.5023	5.16871	-1.93196	0.21435	lidar	1.2974	-1.49687	10.4198	-1.41889	10.4945	-2.02111	-4.76686
1477010454550000	-1.46314	10.251	5.18701	-1.91688	0.220234	radar	0.287616	-1.59293	10.0212	-1.51917	10.2559	-1.99093	-4.78198
1477010454600000	-1.5744	10.0569	5.13353	-1.92206	0.203651	lidar	1.9854	-1.61875	10.2374	-1.61797	10.0165	-1.96221	-4.79615
1477010454650000	-1.66466	9.82153	5.12223	-1.91466	0.199899	radar	0.112796	-1.59702	9.96554	-1.71539	9.77637	-1.93498	-4.80939
1477010454700000	-1.74552	9.60875	5.08123	-1.90684	0.197774	lidar	0.628164	-1.73381	9.71347	-1.81147	9.53564	-1.90924	-4.82172
1477010454750000	-1.82509	9.36437	5.09498	-1.89385	0.202574	radar	0.269348	-2.27191	9.37316	-1.90631	9.29431	-1.88502	-4.83316
1477010454800000	-1.91402	9.04713	5.20299	-1.87748	0.208712	lidar	4.37249	-1.93833	8.77028	-1.99998	9.05243	-1.86233	-4.84374
1477010454850000	-1.99969	8.81227	5.17745	-1.87378	0.199685	radar	0.60251	-1.96565	9.13274	-2.09256	8.81003	-1.8412	-4.85347
1477010454900000	-2.10824	8.56013	5.20222	-1.87558	0.187397	lidar	0.328462	-2.1768	8.5411	-2.18412	8.56717	-1.82164	-4.86238
1477010454950000	-2.18974	8.3146	5.19686	-1.869	0.183728	radar	0.142067	-2.65862	8.19477	-2.27474	8.32388	-1.80365	-4.87047
1477010455000000	-2.25003	8.08502	5.16291	-1.8564	0.187369	lidar	0.329229	-2.21875	8.15339	-2.3645	8.0802	-1.78726	-4.87778
1477010455050000	-2.33019	7.85283	5.13919	-1.85327	0.179672	radar	1.47345	-2.273	8.52315	-2.45348	7.83617	-1.77248	-4.8843
1477010455100000	-2.4632	7.60467	5.17411	-1.86792	0.15508	lidar	1.16393	-2.59674	7.60288	-2.54177	7.59184	-1.75931	-4.89006
1477010455150000	-2.55834	7.3734	5.1415	-1.87371	0.136561	radar	1.23489	-3.08256	7.38874	-2.62944	7.34723	-1.74777	-4.89507
1477010455200000	-2.68637	7.11316	5.18973	-1.88501	0.117703	lidar	0.960721	-2.79865	7.064	-2.71658	7.10238	-1.73786	-4.89933
1477010455250000	-2.76698	6.87101	5.18564	-1.87972	0.117514	radar	0.365424	-2.79412	7.20818	-2.80326	6.85734	-1.72958	-4.90286
1477010455300000	-2.81251	6.67846	5.09259	-1.86771	0.123949	lidar	2.35713	-2.74651	6.86867	-2.88957	6.61214	-1.72295	-4.90566
1477010455350000	-2.89875	6.44248	5.072	-1.87083	0.110063	radar	0.88688	-2.57673	6.36755	-2.97559	6.36681	-1.71797	-4.90774
1477010455400000	-2.95112	6.20756	5.05008	-1.8579	0.117715	lidar	0.183552	-2.90217	6.22989	-3.0614	6.12139	-1.71464	-4.90911
1477010455450000	-3.02976	5.97159	5.04362	-1.85616	0.112881	radar	0.503467	-3.50172	6.10796	-3.14709	5.87592	-1.71297	-4.90976
1477010455500000	-3.12585	5.68439	5.12083	-1.85524	0.107998	lidar	1.53367	-3.1778	5.53101	-3.23274	5.63043	-1.71295	-4.9097
1477010455550000	-3.21461	5.44417	5.10619	-1.8616	0.0907819	radar	1.00441	-3.19736	5.19093	-3.31843	5.38496	-1.71458	-4.90893
1477010455600000	-3.33059	5.17628	5.16226	-1.87076	0.0767768	lidar	0.933457	-3.43031	5.10507	-3.40424	5.13955	-1.71787	-4.90745
1477010455650000	-3.40706	4.93026	5.16176	-1.8673	0.0762997	radar	0.00232777	-3.4281	4.94644	-3.49026	4.89422	-1.72281	-4.90525
1477010455700000	-3.54522	4.64337	5.25278	-1.88254	0.0570553	lidar	2.27937	-3.69435	4.52196	-3.57657	4.64902	-1.72939	-4.90233
1477010455750000	-3.64277	4.39528	5.24873	-1.89101	0.0401755	radar	0.863877	-3.50501	4.17643	-3.66325	4.40398	-1.73763	-4.89868
1477010455800000	-3.80368	4.11919	5.33071	-1.91461	0.0145639	lidar	2.76874	-4.00238	4.04684	-3.75039	4.15913	-1.74749	-4.8943
1477010455850000	-3.89069	3.87137	5.32769	-1.91163	0.0186651	radar	0.351372	-4.06447	4.10977	-3.83806	3.91452	-1.75899	-4.88918
1477010455900000	-3.95143	3.65291	5.26541	-1.90455	0.0243629	lidar	0.888892	-3.88053	3.75177	-3.92635	3.67019	-1.77212	-4.8833
1477010455950000	-4.05884	3.41335	5.25996	-1.91548	0.0080395	radar	1.06755	-4.23729	3.88878	-4.01533	3.42616	-1.78686	-4.87666
1477010456000000	-4.14806	3.17901	5.24159	-1.91686	0.00606102	lidar	0.0975063	-4.15119	3.21968	-4.10509	3.18248	-1.8032	-4.86925
1477010456050000	-4.25107	2.93309	5.24624	-1.92495	-0.00628737	radar	0.283854	-4.27467	2.88187	-4.19571	2.93919	-1.82113	-4.86104
1477010456100000	-4.33835	2.65348	5.2926	-1.91957	2.12537e-005	lidar	0.638471	-4.32451	2.55034	-4.28727	2.69633	-1.84065	-4.85202
1477010456150000	-4.42815	2.40469	5.29266	-1.9194	0.00010834	radar	0.00616762	-4.38481	2.39989	-4.37985	2.45393	-1.86173	-4.84218
1477010456200000	-4.54159	2.13994	5.32963	-1.92504	-0.00506404	lidar	0.431441	-4.61223	2.09192	-4.47352	2.21205	-1.88436	-4.83149
1477010456250000	-4.6505	1.88727	5.34394	-1.93653	-0.023373	radar	1.19015	-4.29257	1.92854	-4.56836	1.97072	-1.90853	-4.81994
1477010456300000	-4.77512	1.61216	5.39825	-1.94376	-0.0286367	lidar	0.863752	-4.86829	1.53442	-4.66444	1.72998	-1.93422	-4.80751
1477010456350000	-4.88882	1.36038	5.41039	-1.95373	-0.0413254	radar	0.33278	-4.98165	1.43611	-4.76186	1.48989	-1.9614	-4.79417
1477010456400000	-4.91486	1.15159	5.30579	-1.9371	-0.0241592	lidar	4.59774	-4.66779	1.28643	-4.86066	1.25049	-1.99007	-4.7799
1477010456450000	-5.01293	0.905445	5.30646	-1.9403	-0.0271587	radar	0.0707214	-4.98594	1.10894	-4.96095	1.01182	-2.02019	-4.76468
1477010456500000	-5.05111	0.697495	5.21637	-1.92862	-0.0154271	lidar	3.16613	-4.85498	0.825661	-5.06277	0.77393	-2.05174	-4.74848
1477010456550000	-5.14901	0.446883	5.23469	-1.93435	-0.0248056	radar	0.803674	-4.84736	0.18101	-5.16621	0.536876	-2.08471	-4.73127
1477010456600000	-5.21485	0.214172	5.20218	-1.92837	-0.0179194	lidar	0.590469	-5.1231	0.257311	-5.27133	0.300706	-2.11906	-4.71303
1477010456650000	-5.31706	-0.0285553	5.20598	-1.93222	-0.0198315	radar	1.68471	-5.99809	-0.290765	-5.3782	0.0654719	-2.15477	-4.69374
1477010456700000	-5.38433	-0.25931	5.17402	-1.92692	-0.0138262	lidar	0.532425	-5.29972	-0.212982	-5.4869	-0.168772	-2.1918	-4.67335
1477010456750000	-5.48654	-0.501371	5.18612	-1.93427	-0.0236592	radar	0.41337	-5.64447	-0.144522	-5.59748	-0.401971	-2.23014	-4.65185
1477010456800000	-5.6554	-0.655843	5.10433	-1.97558	-0.0667074	lidar	5.19986	-5.85359	-0.445801	-5.71001	-0.634069	-2.26974	-4.62919
1477010456850000	-5.76502	-0.896157	5.1333	-1.98635	-0.0805595	radar	1.80193	-5.30947	-0.724468	-5.82456	-0.865006	-2.31058	-4.60536
1477010456900000	-5.86633	-1.1669	5.18303	-1.98336	-0.0724555	lidar	0.62918	-5.87835	-1.26863	-5.94118	-1.09472	-2.35262	-4.58032
1477010456950000	-5.96909	-1.40635	5.18951	-1.98726	-0.0740767	radar	0.297947	-5.68069	-1.52871	-6.05993	-1.32316	-2.39581	-4.55404
1477010457000000	-6.12917	-1.59975	5.16028	-2.01718	-0.102054	lidar	1.80201	-6.27263	-1.50938	-6.18087	-1.55025	-2.44014	-4.52648
1477010457050000	-6.25872	-1.84019	5.20506	-2.03275	-0.119513	radar	1.63815	-6.11355	-1.75966	-6.30406	-1.77593	-2.48555	-4.49762
1477010457100000	-6.36358	-2.0913	5.22395	-2.03139	-0.111496	lidar	0.166769	-6.34007	-2.13685	-6.42954	-2.00014	-2.532	-4.46742
1477010457150000	-6.49117	-2.32564	5.234	-2.04105	-0.116291	radar	0.699175	-6.99344	-2.17445	-6.55738	-2.22281	-2.57946	-4.43585
1477010457200000	-6.6623	-2.51968	5.21283	-2.07175	-0.142882	lidar	1.42957	-6.79288	-2.4458	-6.68761	-2.44386	-2.62788	-4.40288
1477010457250000	-6.79931	-2.75042	5.23037	-2.08346	-0.149072	radar	0.425544	-7.14408	-2.67584	-6.82029	-2.66323	-2.6772	-4.36847
1477010457300000	-6.88903	-3.01718	5.25871	-2.07	-0.126544	lidar	0.962874	-6.8003	-3.10086	-6.95546	-2.88084	-2.7274	-4.3326
1477010457350000	-7.01571	-3.24683	5.25544	-2.07608	-0.12575	radar	0.0515052	-7.13937	-3.22028	-7.09316	-3.09663	-2.7784	-4.29523
1477010457400000	-7.14866	-3.42007	5.18416	-2.09525	-0.140325	lidar	1.49331	-7.12118	-3.26434	-7.23344	-3.3105	-2.83017	-4.25632
1477010457450000	-7.29186	-3.64884	5.20172	-2.10592	-0.14446	radar	1.36804	-7.77186	-4.08999	-7.37632	-3.5224	-2.88265	-4.21586
1477010457500000	-7.4628	-3.76517	5.08669	-2.14758	-0.182343	lidar	4.72545	-7.49009	-3.49081	-7.52184	-3.73223	-2.93579	-4.1738
1477010457550000	-7.60494	-3.97924	5.09871	-2.15824	-0.185141	radar	0.15901	-7.52393	-3.88213	-7.67004	-3.93992	-2.98953	-4.13012
1477010457600000	-7.77627	-4.21237	5.14743	-2.17257	-0.189932	lidar	1.02556	-7.88049	-4.29783	-7.82094	-4.14538	-3.04381	-4.08479
1477010457650000	-7.92691	-4.42552	5.15362	-2.18312	-0.191106	radar	0.155962	-8.08524	-4.57834	-7.97457	-4.34854	-3.09857	-4.03778
1477010457700000	-8.10598	-4.67142	5.2214	-2.19462	-0.19237	lidar	1.70427	-8.22492	-4.79812	-8.13095	-4.5493	-3.15376	-3.98906
1477010457750000	-8.25183	-4.87752	5.1889	-2.20075	-0.186195	radar	0.842307	-8.453	-4.95621	-8.2901	-4.74759	-3.2093	-3.93862
1477010457800000	-8.38573	-5.09573	5.18559	-2.20144	-0.177079	lidar	0.164851	-8.33552	-5.1059	-8.45204	-4.94331	-3.26514	-3.88641
1477010457850000	-8.5266	-5.29598	5.14735	-2.20635	-0.170997	radar	0.780373	-8.55062	-4.79248	-8.61678	-5.13637	-3.32121	-3.83242
1477010457900000	-8.74163	-5.49241	5.18398	-2.23718	-0.194309	lidar	1.82343	-8.91477	-5.51752	-8.78433	-5.32669	-3.37745	-3.77663
1477010457950000	-8.89999	-5.69309	5.16979	-2.24577	-0.192199	radar	0.185331	-9.04115	-5.69364	-8.95469	-5.51417	-3.43377	-3.71901
1477010458000000	-9.06026	-5.87037	5.13986	-2.26048	-0.197894	lidar	0.30775	-9.03391	-5.80267	-9.12788	-5.69872	-3.49012	-3.65955
1477010458050000	-9.20528	-6.05561	5.08956	-2.26577	-0.191489	radar	1.97207	-8.86897	-5.41973	-9.30388	-5.88026	-3.54643	-3.59823
1477010458100000	-9.37899	-6.1354	4.96284	-2.30733	-0.226541	lidar	6.09904	-9.30811	-5.82368	-9.4827	-6.05868	-3.60261	-3.53503
1477010458150000	-9.54896	-6.31882	4.96148	-2.319	-0.226557	radar	0.26599	-9.80646	-6.41174	-9.66432	-6.23389	-3.6586	-3.46994
1477010458200000	-9.69029	-6.52187	4.96219	-2.31565	-0.211015	lidar	0.368758	-9.62547	-6.55958	-9.84874	-6.4058	-3.71431	-3.40295
1477010458250000	-9.87281	-6.70974	4.99304	-2.32929	-0.214895	radar	1.09206	-10.6688	-6.35543	-10.0359	-6.57431	-3.76969	-3.33404
1477010458300000	-10.0958	-6.86332	5.00954	-2.36283	-0.238856	lidar	1.09878	-10.2246	-6.83402	-10.2259	-6.73933	-3.82463	-3.26321
1477010458350000	-10.2741	-7.03745	5.01381	-2.3749	-0.239321	radar	0.230905	-10.2205	-6.71044	-10.4186	-6.90075	-3.87907	-3.19046
1477010458400000	-10.5307	-7.21413	5.08981	-2.40856	-0.26158	lidar	3.42311	-10.7616	-7.29159	-10.614	-7.05849	-3.93293	-3.11577
1477010458450000	-10.7196	-7.38139	5.08882	-2.42184	-0.261891	radar	0.147142	-10.8944	-6.83335	-10.8121	-7.21245	-3.98613	-3.03916
1477010458500000	-10.9915	-7.53448	5.15399	-2.46229	-0.290201	lidar	3.21125	-11.2219	-7.56979	-11.0128	-7.36252	-4.03859	-2.96062
1477010458550000	-11.1835	-7.68757	5.1262	-2.47605	-0.289245	radar	0.568709	-10.986	-7.3707	-11.2161	-7.50862	-4.09021	-2.88015
1477010458600000	-11.3206	-7.81489	5.02878	-2.48072	-0.279884	lidar	3.9699	-11.0934	-7.6776	-11.422	-7.65064	-4.14093	-2.79777
1477010458650000	-11.5126	-7.96186	5.00951	-2.49438	-0.279523	radar	0.501234	-11.4213	-7.46085	-11.6304	-7.78849	-4.19066	-2.71349
1477010458700000	-11.6835	-8.03913	4.90777	-2.5226	-0.295541	lidar	4.09998	-11.5269	-7.8215	-11.8413	-7.92208	-4.23932	-2.6273
1477010458750000	-11.8755	-8.17168	4.87137	-2.5376	-0.295657	radar	0.55505	-11.9422	-7.88317	-12.0546	-8.05131	-4.28682	-2.53924
1477010458800000	-12.0938	-8.2436	4.83039	-2.57773	-0.322693	lidar	1.51697	-12.09	-8.08828	-12.2702	-8.17609	-4.33309	-2.44932
1477010458850000	-12.3057	-8.37783	4.86627	-2.59318	-0.321884	radar	0.681643	-12.4462	-8.02117	-12.4881	-8.29633	-4.37802	-2.35756
1477010458900000	-12.5058	-8.43748	4.79961	-2.62894	-0.343186	lidar	2.25183	-12.4231	-8.2599	-12.7082	-8.41193	-4.42156	-2.26399
1477010458950000	-12.7084	-8.54583	4.77063	-2.64714	-0.344556	radar	0.383164	-12.7461	-8.19449	-12.9304	-8.5228	-4.4636	-2.16863
1477010459000000	-13.0122	-8.63204	4.86133	-2.69569	-0.376368	lidar	4.60464	-13.2911	-8.64594	-13.1547	-8.62886	-4.50407	-2.07151
1477010459050000	-13.2408	-8.7415	4.88734	-2.71374	-0.375135	radar	0.533568	-13.7929	-8.47158	-13.381	-8.73002	-4.54289	-1.97267
1477010459100000	-13.4594	-8.76679	4.82649	-2.758	-0.402513	lidar	2.51523	-13.384	-8.57583	-13.6092	-8.82619	-4.57997	-1.87214
1477010459150000	-13.6725	-8.8424	4.78382	-2.78118	-0.406719	radar	0.969929	-13.6376	-8.26344	-13.8392	-8.91729	-4.61524	-1.76997
1477010459200000	-13.917	-8.93925	4.81979	-2.80021	-0.40491	lidar	0.509333	-13.9959	-8.99264	-14.0709	-9.00324	-4.64861	-1.6662
1477010459250000	-14.1544	-9.02801	4.86015	-2.81716	-0.400273	radar	0.734348	-14.4737	-8.79552	-14.3043	-9.08395	-4.68001	-1.56086
1477010459300000	-14.3907	-9.12627	4.8815	-2.82936	-0.391862	lidar	0.298321	-14.4273	-9.1875	-14.5391	-9.15936	-4.70936	-1.45402
1477010459350000	-14.6219	-9.19694	4.87319	-2.84977	-0.393015	radar	0.0446065	-14.5757	-9.32634	-14.7754	-9.22939	-4.73658	-1.34573
1477010459400000	-14.9161	-9.18633	4.91255	-2.91061	-0.435431	lidar	2.73459	-15.062	-9.04396	-15.013	-9.29397	-4.76161	-1.23603
1477010459450000	-15.1654	-9.24726	4.93186	-2.9309	-0.433529	radar	1.31492	-15.6189	-9.69365	-15.2517	-9.35302	-4.78436	-1.125
1477010459500000	-15.4542	-9.36677	5.03007	-2.93188	-0.410798	lidar	4.90842	-15.6682	-9.56749	-15.4916	-9.40649	-4.80476	-1.01269
1477010459550000	-15.696	-9.40868	5.00157	-2.95666	-0.416807	radar	0.680499	-15.9382	-9.35751	-15.7324	-9.45431	-4.82275	-0.899159
1477010459600000	-15.9682	-9.49074	5.05374	-2.96555	-0.403775	lidar	1.4548	-16.0862	-9.59819	-15.9741	-9.49642	-4.83827	-0.784484
1477010459650000	-16.2123	-9.52492	5.03039	-2.98948	-0.408963	radar	0.363651	-16.6033	-8.85459	-16.2164	-9.53277	-4.85124	-0.668734
1477010459700000	-16.4612	-9.50195	5.01153	-3.03353	-0.433692	lidar	1.17718	-16.4229	-9.37029	-16.4594	-9.5633	-4.8616	-0.55198
1477010459750000	-16.6953	-9.5127	4.97404	-3.06041	-0.440632	radar	1.84342	-16.011	-9.33486	-16.7027	-9.58797	-4.8693	-0.434301
1477010459800000	-16.9861	-9.49086	5.0263	-3.10268	-0.461043	lidar	1.22844	-17.1132	-9.43043	-16.9464	-9.60673	-4.87427	-0.315773
1477010459850000	-17.2452	-9.50625	5.04553	-3.12221	-0.456527	radar	0.798997	-16.9255	-10.8571	-17.1903	-9.61954	-4.87646	-0.196479
1477010459900000	-17.5052	-9.52755	5.06053	-3.13776	-0.44881	lidar	0.224093	-17.5448	-9.57485	-17.4342	-9.62636	-4.87583	-0.0765024
1477010459950000	-17.758	-9.52262	5.05081	3.12041	-0.452743	radar	0.423947	-18.1371	-9.39146	-17.6781	-9.62717	-4.87232	0.0440703
1477010460000000	-18.0051	-9.48647	5.04085	3.08667	-0.464391	lidar	0.312315	-17.9724	-9.42299	-17.9216	-9.62194	-4.86588	0.165151
1477010460050000	-18.2502	-9.46194	5.02067	3.05888	-0.47088	radar	0.259506	-18.3083	-9.18778	-18.1648	-9.61064	-4.85648	0.286648
1477010460100000	-18.4446	-9.50077	4.94024	3.06299	-0.44312	lidar	2.50609	-18.2763	-9.60997	-18.4074	-9.59325	-4.84408	0.40847
1477010460150000	-18.6879	-9.47879	4.94251	3.04189	-0.441152	radar	0.478445	-18.2443	-9.58547	-18.6493	-9.56977	-4.82864	0.530522
1477010460200000	-18.9359	-9.47124	4.94556	3.0279	-0.432757	lidar	0.143333	-18.9545	-9.51544	-18.8904	-9.54017	-4.81012	0.652707
1477010460250000	-19.1739	-9.43695	4.93993	3.00563	-0.432775	radar	1.28758	-18.6983	-9.02886	-19.1305	-9.50447	-4.78851	0.774927
1477010460300000	-19.4001	-9.30778	4.92394	2.9459	-0.472454	lidar	3.34989	-19.2983	-9.09865	-19.3694	-9.46265	-4.76378	0.897083
1477010460350000	-19.6342	-9.24981	4.9069	2.9176	-0.479044	radar	0.238377	-19.7037	-8.79906	-19.6069	-9.41472	-4.73591	1.01907
1477010460400000	-19.878	-9.12001	4.92904	2.86407	-0.509478	lidar	1.5809	-19.8731	-8.96417	-19.8431	-9.36071	-4.70487	1.1408
1477010460450000	-20.1099	-9.04615	4.92405	2.83713	-0.511035	radar	0.382135	-20.3815	-7.6755	-20.0775	-9.30061	-4.67066	1.26215
1477010460500000	-20.2916	-9.17085	4.79093	2.89149	-0.429865	lidar	12.9325	-20.1607	-9.59663	-20.3102	-9.23446	-4.63328	1.38303
1477010460550000	-20.528	-9.11352	4.80075	2.87276	-0.426238	radar	0.191823	-20.4587	-9.7448	-20.5409	-9.16227	-4.59271	1.50334
1477010460600000	-20.7394	-9.00758	4.78635	2.8342	-0.444214	lidar	0.892511	-20.6596	-8.91527	-20.7696	-9.08409	-4.54895	1.62296
1477010460650000	-20.9715	-8.93477	4.7911	2.81277	-0.443752	radar	0.513135	-21.5568	-8.5005	-20.9959	-8.99994	-4.50202	1.74179
1477010460700000	-21.1586	-8.85633	4.73538	2.78835	-0.446553	lidar	1.09815	-21.0195	-8.85081	-21.2198	-8.90987	-4.45191	1.85972
1477010460750000	-21.3843	-8.77369	4.73858	2.76644	-0.446733	radar	0.552004	-21.8628	-8.64129	-21.4412	-8.81393	-4.39865	1.97666
1477010460800000	-21.5793	-8.74404	4.67703	2.76596	-0.424758	lidar	1.40707	-21.5029	-8.87191	-21.6597	-8.71217	-4.34224	2.0925
1477010460850000	-21.7783	-8.64123	4.64172	2.73274	-0.441603	radar	1.27285	-21.9514	-7.41274	-21.8754	-8.60465	-4.2827	2.20712
1477010460900000	-21.9874	-8.55426	4.63423	2.71345	-0.438805	lidar	0.0217256	-21.9793	-8.57089	-22.0881	-8.49143	-4.22007	2.32043
1477010460950000	-22.1957	-8.45589	4.63654	2.69247	-0.43676	radar	0.310442	-22.1914	-7.70392	-22.2975	-8.37258	-4.15437	2.43232
1477010461000000	-22.4423	-8.35145	4.69161	2.6748	-0.432072	lidar	1.13645	-22.5838	-8.35296	-22.5035	-8.24817	-4.08564	2.5427
1477010461050000	-22.6415	-8.23737	4.67641	2.64761	-0.439801	radar	0.28641	-22.3177	-8.57758	-22.7061	-8.11829	-4.01391	2.65145
1477010461100000	-22.8791	-7.9849	4.80867	2.57531	-0.490111	lidar	6.94363	-22.9861	-7.6724	-22.9049	-7.98301	-3.93923	2.75848
1477010461150000	-23.0724	-7.84363	4.7905	2.54079	-0.505494	radar	1.26827	-23.2693	-8.32031	-23.1	-7.84243	-3.86163	2.8637
1477010461200000	-23.314	-7.66262	4.88195	2.50633	-0.513928	lidar	2.12848	-23.4777	-7.56583	-23.2911	-7.69663	-3.78118	2.967
1477010461250000	-23.5105	-7.51865	4.88737	2.48422	-0.508254	radar	0.247084	-23.473	-7.02103	-23.4781	-7.54572	-3.69792	3.06828
1477010461300000	-23.6665	-7.36487	4.84378	2.45161	-0.516063	lidar	0.901048	-23.5408	-7.36069	-23.6609	-7.3898	-3.61191	3.16746
1477010461350000	-23.853	-7.20967	4.8466	2.42721	-0.514014	radar	0.0355461	-24.0505	-6.56968	-23.8393	-7.22897	-3.52321	3.26445
1477010461400000	-24.0137	-7.1124	4.7665	2.42008	-0.496198	lidar	1.73298	-23.9384	-7.26171	-24.0132	-7.06336	-3.43189	3.35916
1477010461450000	-24.1834	-6.94763	4.75826	2.3901	-0.503409	radar	0.196273	-24.3577	-5.94086	-24.1825	-6.89307	-3.33801	3.45149
1477010461500000	-24.3314	-6.67885	4.8268	2.324	-0.543927	lidar	4.08885	-24.2574	-6.4352	-24.347	-6.71823	-3.24166	3.54138
1477010461550000	-24.4954	-6.49904	4.82567	2.29418	-0.549123	radar	0.914831	-24.788	-7.18367	-24.5066	-6.53896	-3.14289	3.62873
1477010461600000	-24.575	-6.34926	4.70386	2.25892	-0.558583	lidar	4.76696	-24.3008	-6.43799	-24.6612	-6.35538	-3.0418	3.71347
1477010461650000	-24.7188	-6.16449	4.70184	2.22985	-0.559817	radar	0.0698484	-24.6108	-6.00878	-24.8107	-6.16764	-2.93846	3.79553
1477010461700000	-24.9236	-5.96255	4.78612	2.21403	-0.546409	lidar	2.9388	-25.146	-5.91902	-24.955	-5.97587	-2.83295	3.87484
1477010461750000	-25.0584	-5.76698	4.78257	2.18449	-0.548654	radar	0.360915	-24.8975	-5.02285	-25.094	-5.7802	-2.72537	3.95132
1477010461800000	-25.1942	-5.59099	4.75935	2.16348	-0.542504	lidar	0.173301	-25.1941	-5.64372	-25.2276	-5.58079	-2.61581	4.02492
1477010461850000	-25.3364	-5.398	4.7681	2.14424	-0.531584	radar	0.344662	-25.5328	-5.4399	-25.3556	-5.37777	-2.50435	4.09557
1477010461900000	-25.4866	-5.1707	4.82138	2.11763	-0.530934	lidar	0.692689	-25.5713	-5.10241	-25.4779	-5.1713	-2.39109	4.16322
1477010461950000	-25.6166	-4.96898	4.82646	2.09883	-0.518845	radar	0.726603	-25.0178	-6.55904	-25.5946	-4.96152	-2.27613	4.22781
1477010462000000	-25.7277	-4.79839	4.77081	2.08062	-0.511746	lidar	0.693598	-25.6952	-4.89995	-25.7055	-4.7486	-2.15956	4.2893
1477010462050000	-25.8463	-4.59139	4.77429	2.05918	-0.505419	radar	0.117075	-25.8162	-4.40681	-25.8105	-4.53268	-2.04149	4.34764
1477010462100000	-25.9532	-4.34775	4.81301	2.0256	-0.513332	lidar	0.407065	-25.9516	-4.26659	-25.9096	-4.31392	-1.92202	4.40279
1477010462150000	-26.0579	-4.12803	4.81279	1.99507	-0.523605	radar	3.20078	-26.8953	-4.43966	-26.0027	-4.0925	-1.80125	4.45471
1477010462200000	-26.1433	-3.84323	4.88973	1.95102	-0.54071	lidar	1.73554	-26.1198	-3.67723	-26.0897	-3.86856	-1.67928	4.50337
1477010462250000	-26.2224	-3.61024	4.88656	1.91512	-0.555166	radar	1.07712	-26.5652	-3.85723	-26.1706	-3.64227	-1.55623	4.54875
1477010462300000	-26.2284	-3.33933	4.88974	1.85446	-0.588108	lidar	3.66519	-25.9974	-3.24722	-26.2453	-3.41381	-1.4322	4.59081
1477010462350000	-26.2851	-3.10046	4.88806	1.81899	-0.597086	radar	0.161448	-26.2976	-3.01078	-26.3138	-3.18332	-1.30729	4.62954
1477010462400000	-26.302	-2.8653	4.86041	1.77568	-0.61094	lidar	0.961008	-26.1741	-2.87885	-26.376	-2.95098	-1.18162	4.66493
1477010462450000	-26.355	-2.62894	4.86166	1.74905	-0.605927	radar	0.198786	-26.4681	-3.44967	-26.4319	-2.71697	-1.05529	4.69696
1477010462500000	-26.4647	-2.48567	4.7582	1.75851	-0.567709	lidar	6.52568	-26.674	-2.73852	-26.4815	-2.48143	-0.928411	4.72562
1477010462550000	-26.5129	-2.25304	4.75969	1.73448	-0.561616	radar	0.110341	-26.657	-1.72382	-26.5247	-2.24456	-0.80109	4.75091
1477010462600000	-26.5786	-2.0604	4.71033	1.72302	-0.545689	lidar	1.26639	-26.6691	-2.17333	-26.5616	-2.0065	-0.673434	4.77284
1477010462650000	-26.6103	-1.8277	4.70966	1.69728	-0.542162	radar	0.422756	-26.3248	-1.32261	-26.5921	-1.76744	-0.545553	4.79141
1477010462700000	-26.5957	-1.57617	4.72085	1.65272	-0.559464	lidar	1.0911	-26.4671	-1.53207	-26.6161	-1.52753	-0.417552	4.80664
1477010462750000	-26.6012	-1.33915	4.72036	1.6177	-0.569807	radar	0.250865	-26.4998	-2.19526	-26.6338	-1.28695	-0.289538	4.81852
1477010462800000	-26.607	-1.11379	4.70414	1.58934	-0.569877	lidar	0.0535472	-26.5998	-1.14277	-26.6451	-1.04586	-0.161616	4.8271
1477010462850000	-26.6219	-0.880055	4.70562	1.56665	-0.563704	radar	1.32211	-27.2008	-1.67679	-26.65	-0.804425	-0.0338883	4.83238
1477010462900000	-26.6456	-0.632573	4.73064	1.54864	-0.553217	lidar	0.55273	-26.7355	-0.59539	-26.6485	-0.562811	0.0935412	4.83439
1477010462950000	-26.6331	-0.395176	4.73324	1.51591	-0.562143	radar	0.707164	-26.9891	0.0351487	-26.6406	-0.321181	0.220572	4.83317
1477010463000000	-26.577	-0.100987	4.8176	1.46978	-0.579075	lidar	2.44687	-26.4553	0.0602653	-26.6264	-0.0796947	0.347104	4.82874
1477010463050000	-26.5525	0.138507	4.81957	1.44057	-0.581072	radar	0.597572	-26.9537	0.136943	-26.6059	0.161489	0.473041	4.82116
1477010463100000	-26.5421	0.428676	4.90077	1.4203	-0.571223	lidar	1.65766	-26.6201	0.57588	-26.5792	0.402213	0.598287	4.81045
1477010463150000	-26.5166	0.669828	4.89842	1.39993	-0.560286	radar	0.460031	-26.8241	0.381506	-26.5462	0.642323	0.722748	4.79667
1477010463200000	-26.5342	0.949574	4.95657	1.39681	-0.534688	lidar	2.97812	-26.7293	1.06082	-26.5069	0.881666	0.846334	4.77986
1477010463250000	-26.494	1.19314	4.95327	1.37676	-0.522972	radar	1.18014	-25.9562	2.60409	-26.4616	1.12009	0.968955	4.76007
1477010463300000	-26.4322	1.43183	4.94909	1.34629	-0.527335	lidar	0.0722131	-26.3986	1.42212	-26.4101	1.35745	1.09053	4.73737
1477010463350000	-26.385	1.67194	4.94486	1.32682	-0.51738	radar	0.435083	-26.5072	-0.563928	-26.3526	1.59361	1.21096	4.71181
1477010463400000	-26.3312	1.87997	4.896	1.30298	-0.515925	lidar	0.500924	-26.3594	1.79315	-26.2891	1.82841	1.33018	4.68345
1477010463450000	-26.2637	2.11493	4.89617	1.27698	-0.516489	radar	0.01936	-26.3475	1.82827	-26.2197	2.06173	1.44811	4.65235
1477010463500000	-26.2042	2.30521	4.82747	1.25388	-0.514549	lidar	0.997236	-26.2502	2.18481	-26.1444	2.29342	1.56467	4.61859
1477010463550000	-26.1359	2.5343	4.82219	1.23529	-0.503496	radar	0.327493	-26.069	2.27896	-26.0633	2.52336	1.67979	4.58223
1477010463600000	-26.0564	2.77301	4.83982	1.21213	-0.501295	lidar	0.0734659	-26.0641	2.80701	-25.9765	2.75141	1.79339	4.54334
1477010463650000	-25.9642	2.99771	4.84481	1.18184	-0.510604	radar	0.748585	-26.3234	3.02388	-25.8841	2.97746	1.90543	4.502
1477010463700000	-25.8618	3.27325	4.92632	1.15873	-0.507298	lidar	1.34486	-25.8345	3.42005	-25.7861	3.20139	2.01582	4.45828
1477010463750000	-25.7704	3.49925	4.92454	1.13749	-0.502932	radar	0.663571	-26.1824	3.73376	-25.6826	3.42306	2.12452	4.41227
1477010463800000	-25.6645	3.69831	4.8908	1.10967	-0.505976	lidar	0.242246	-25.6666	3.63509	-25.5737	3.64239	2.23146	4.36404
1477010463850000	-25.5504	3.91493	4.89132	1.08303	-0.50765	radar	0.0546351	-25.5773	3.13316	-25.4596	3.85924	2.3366	4.31367
1477010463900000	-25.5084	4.0963	4.80516	1.08037	-0.485912	lidar	3.93982	-25.7492	3.99968	-25.3402	4.07353	2.43989	4.26125
1477010463950000	-25.3878	4.30532	4.80712	1.05331	-0.489547	radar	0.0815866	-25.3516	3.75691	-25.2157	4.28514	2.54127	4.20686
1477010464000000	-25.208	4.51542	4.84446	1.0084	-0.509594	lidar	2.04029	-25.0214	4.52803	-25.0863	4.49399	2.64071	4.15058
1477010464050000	-25.0682	4.71653	4.8416	0.982408	-0.506888	radar	2.68421	-24.2719	4.30917	-24.9518	4.69998	2.73817	4.09251
1477010464100000	-24.9562	4.90826	4.81505	0.964363	-0.499886	lidar	0.405672	-25.0363	4.88499	-24.8126	4.90303	2.83361	4.03273
1477010464150000	-24.8083	5.10196	4.81689	0.936407	-0.502437	radar	0.743774	-24.3609	4.95947	-24.6686	5.10304	2.92701	3.97132
1477010464200000	-24.6261	5.30902	4.86341	0.901456	-0.511728	lidar	0.977473	-24.5041	5.35293	-24.5201	5.29995	3.01833	3.90839
1477010464250000	-24.462	5.49406	4.87261	0.868739	-0.522073	radar	0.247261	-24.4379	5.24592	-24.367	5.49367	3.10754	3.84401
1477010464300000	-24.2582	5.65847	4.88111	0.823849	-0.540836	lidar	1.31815	-24.1159	5.61152	-24.2095	5.68414	3.19464	3.77827
1477010464350000	-24.0893	5.83435	4.88477	0.794759	-0.544798	radar	0.335206	-24.5638	4.75836	-24.0477	5.8713	3.27959	3.71127
1477010464400000	-23.9154	5.98893	4.86341	0.763295	-0.549363	lidar	0.125245	-23.9153	5.94377	-23.8818	6.05508	3.36239	3.64309
1477010464450000	-23.7585	6.16242	4.83631	0.750978	-0.526255	radar	1.56178	-23.5491	6.44495	-23.7117	6.23542	3.44302	3.57383
1477010464500000	-23.5951	6.31597	4.8114	0.727069	-0.524216	lidar	0.193218	-23.6471	6.29102	-23.5377	6.41227	3.52148	3.50357
1477010464550000	-23.4326	6.48123	4.79198	0.712357	-0.50835	radar	0.852295	-23.7544	6.53746	-23.3598	6.58559	3.59775	3.4324
1477010464600000	-23.196	6.69758	4.91651	0.688099	-0.505311	lidar	3.63461	-23.0099	6.86182	-23.1781	6.75533	3.67185	3.36041
1477010464650000	-23.0046	6.85166	4.90827	0.665939	-0.498743	radar	1.19742	-22.7862	5.74143	-22.9928	6.92146	3.74376	3.28768
1477010464700000	-22.785	7.01779	4.95286	0.63891	-0.500206	lidar	0.548417	-22.6991	7.063	-22.804	7.08393	3.8135	3.21431
1477010464750000	-22.5803	7.1609	4.95443	0.61241	-0.501376	radar	0.26216	-22.418	6.76159	-22.6117	7.24273	3.88106	3.14038
1477010464800000	-22.4063	7.30558	4.92726	0.596762	-0.492267	lidar	0.606081	-22.5083	7.31524	-22.4161	7.39782	3.94647	3.06598
1477010464850000	-22.189	7.43468	4.94528	0.56346	-0.505204	radar	0.488093	-22.0543	7.85452	-22.2173	7.54917	4.00974	2.99118
1477010464900000	-22.028	7.60294	4.92906	0.56261	-0.480823	lidar	2.13536	-22.1947	7.69478	-22.0154	7.69679	4.07087	2.91607
1477010464950000	-21.8355	7.74271	4.90724	0.549937	-0.464989	radar	0.886579	-21.6178	9.0351	-21.8105	7.84064	4.12989	2.84074
1477010465000000	-21.6303	7.88942	4.92141	0.534661	-0.45677	lidar	0.177599	-21.6473	7.94	-21.6026	7.98072	4.18681	2.76526
1477010465050000	-21.4296	8.01945	4.90726	0.5188	-0.44759	radar	0.517006	-21.8637	7.78661	-21.392	8.11703	4.24166	2.68971
1477010465100000	-21.1857	8.04843	4.8599	0.460034	-0.484836	lidar	3.52401	-21.0853	7.83229	-21.1787	8.24957	4.29447	2.61417
1477010465150000	-20.9885	8.16799	4.82197	0.451351	-0.461886	radar	1.78325	-20.5503	9.28616	-20.9628	8.37833	4.34526	2.53871
1477010465200000	-20.8333	8.34103	4.80509	0.465344	-0.424626	lidar	4.52894	-21.0519	8.50983	-20.7444	8.50333	4.39406	2.46341
1477010465250000	-20.6088	8.4413	4.81718	0.439111	-0.43129	radar	0.367424	-19.9265	9.40847	-20.5237	8.62457	4.4409	2.38835
1477010465300000	-20.3494	8.58546	4.90429	0.425077	-0.422719	lidar	1.79609	-20.21	8.68914	-20.3006	8.74206	4.48582	2.31358
1477010465350000	-20.1426	8.69757	4.87482	0.416653	-0.404419	radar	1.00117	-20.2277	8.8532	-20.0753	8.85583	4.52884	2.23919
1477010465400000	-19.9508	8.8151	4.85021	0.409865	-0.391082	lidar	0.891014	-20.0633	8.86724	-19.848	8.96589	4.57001	2.16524
1477010465450000	-19.7432	8.92215	4.82298	0.401979	-0.374237	radar	0.858056	-19.9264	8.78179	-19.6186	9.07227	4.60937	2.09179
1477010465500000	-19.5132	9.00039	4.82238	0.376891	-0.380693	lidar	0.113296	-19.4861	8.96665	-19.3873	9.17499	4.64694	2.01891
1477010465550000	-19.2874	9.08752	4.82229	0.358358	-0.379623	radar	0.194773	-18.5719	10.2069	-19.1542	9.27409	4.68278	1.94666
1477010465600000	-18.9757	9.17936	4.9421	0.328927	-0.389132	lidar	5.06211	-18.6786	9.19191	-18.9193	9.36959	4.71692	1.8751
1477010465650000	-18.7514	9.26426	4.9282	0.315103	-0.381974	radar	0.530759	-19.2825	8.98189	-18.6827	9.46154	4.7494	1.80429
1477010465700000	-18.4949	9.37822	4.98341	0.307669	-0.369639	lidar	0.813217	-18.4242	9.46852	-18.4446	9.54996	4.78028	1.73429
1477010465750000	-18.2414	9.4373	5.00842	0.278507	-0.384014	radar	0.987722	-18.1634	8.72444	-18.2049	9.63492	4.80959	1.66514
1477010465800000	-17.9473	9.57292	5.12244	0.278216	-0.363755	lidar	3.2404	-17.7736	9.72478	-17.9639	9.71643	4.83737	1.59691
1477010465850000	-17.7064	9.64923	5.10527	0.267336	-0.352293	radar	0.75622	-17.2296	9.97767	-17.7214	9.79457	4.86368	1.52964
1477010465900000	-17.4318	9.76654	5.17338	0.266009	-0.33513	lidar	1.30455	-17.3436	9.88109	-17.4777	9.86936	4.88856	1.46338
1477010465950000	-17.1855	9.83594	5.16886	0.251389	-0.332543	radar	0.107339	-17.1554	10.212	-17.2328	9.94087	4.91205	1.39818
1477010466000000	-16.9208	9.97408	5.22873	0.262005	-0.304362	lidar	1.94521	-16.8876	10.145	-16.9868	10.0091	4.93421	1.33408
1477010466050000	-16.6682	10.0404	5.22788	0.247241	-0.30362	radar	0.00556357	-16.5958	10.1078	-16.7396	10.0743	4.95507	1.27113
1477010466100000	-16.434	10.1639	5.23154	0.257366	-0.277876	lidar	1.69787	-16.5153	10.3091	-16.4915	10.1362	4.97469	1.20937
1477010466150000	-16.1803	10.2273	5.23493	0.241982	-0.280456	radar	0.0886551	-16.09	10.5824	-16.2424	10.1952	4.99311	1.14883
1477010466200000	-15.9458	10.2553	5.19095	0.217533	-0.291311	lidar	0.54143	-16.006	10.1843	-15.9924	10.2511	5.01039	1.08956
1477010466250000	-15.6962	10.3145	5.18322	0.206361	-0.286539	radar	0.0759987	-15.7234	10.41	-15.7416	10.3041	5.02655	1.03159
1477010466300000	-15.4746	10.3103	5.11224	0.17409	-0.305233	lidar	1.47453	-15.5699	10.1904	-15.4899	10.3543	5.04166	0.974957
1477010466350000	-15.2053	10.3334	5.14564	0.146146	-0.32279	radar	1.55237	-14.2385	10.9109	-15.2376	10.4016	5.05576	0.919692
1477010466400000	-14.9453	10.4002	5.16628	0.141473	-0.310925	lidar	0.335982	-14.9365	10.4722	-14.9846	10.4462	5.06889	0.865828
1477010466450000	-14.6933	10.442	5.14735	0.132771	-0.299352	radar	1.35855	-14.724	9.63507	-14.7309	10.4882	5.0811	0.813394
1477010466500000	-14.4372	10.3992	5.12093	0.0891337	-0.328968	lidar	2.0234	-14.4088	10.222	-14.4766	10.5276	5.09243	0.762418
1477010466550000	-14.1816	10.4203	5.11887	0.0734452	-0.327364	radar	0.120775	-13.9005	10.5238	-14.2218	10.5645	5.10293	0.712926
1477010466600000	-13.8861	10.59	5.22624	0.113812	-0.267978	lidar	8.20008	-13.8049	10.9383	-13.9665	10.5989	5.11263	0.664944
1477010466650000	-13.6332	10.6313	5.20525	0.109664	-0.254013	radar	0.661568	-13.3956	10.7857	-13.7107	10.631	5.12159	0.618496
1477010466700000	-13.373	10.6269	5.19834	0.0848252	-0.26658	lidar	0.370424	-13.3556	10.5517	-13.4545	10.6608	5.12983	0.573603
1477010466750000	-13.1143	10.6483	5.19694	0.0722535	-0.265392	radar	0.0154778	-12.9374	10.8137	-13.1979	10.6884	5.13741	0.530288
1477010466800000	-12.8697	10.7649	5.20204	0.0980524	-0.225044	lidar	4.16316	-12.9591	11.0099	-12.9409	10.7138	5.14436	0.48857
1477010466850000	-12.6139	10.7959	5.19365	0.0911418	-0.218783	radar	0.143571	-12.2518	11.2495	-12.6836	10.7373	5.15071	0.448467
1477010466900000	-12.3651	10.756	5.16396	0.0565394	-0.243325	lidar	1.36877	-12.3713	10.6091	-12.426	10.7587	5.15651	0.409997
1477010466950000	-12.1121	10.7793	5.14849	0.0512125	-0.233108	radar	0.345234	-11.9352	10.9161	-12.1681	10.7783	5.16179	0.373177
1477010467000000	-11.8685	10.8649	5.14517	0.068466	-0.203333	lidar	2.46611	-11.9451	11.0515	-11.91	10.7961	5.16658	0.338022
1477010467050000	-11.6079	10.8783	5.14792	0.0578094	-0.202957	radar	0.587816	-10.9703	10.9676	-11.6516	10.8121	5.17092	0.304546
1477010467100000	-11.374	10.903	5.11622	0.0525021	-0.198103	lidar	0.45411	-11.4548	10.9407	-11.393	10.8265	5.17484	0.272761
1477010467150000	-11.1049	10.8813	5.1598	0.0211549	-0.229473	radar	2.76557	-11.3472	10.5111	-11.1342	10.8394	5.17836	0.242681
1477010467200000	-10.7951	10.8343	5.22783	-0.0110388	-0.250512	lidar	3.49965	-10.6009	10.6823	-10.8753	10.8509	5.18153	0.214317
1477010467250000	-10.5351	10.8311	5.2265	-0.0230714	-0.250035	radar	0.0276234	-10.6563	10.8369	-10.6161	10.8609	5.18435	0.187679
1477010467300000	-10.3059	10.8337	5.1807	-0.0313491	-0.245926	lidar	0.767352	-10.4142	10.8747	-10.3569	10.8697	5.18687	0.162776
1477010467350000	-10.059	10.8529	5.142	-0.0262146	-0.220709	radar	1.88312	-9.90413	11.2255	-10.0976	10.8772	5.1891	0.139618
1477010467400000	-9.8013	10.9177	5.15157	-0.00903185	-0.191585	lidar	2.17825	-9.83445	11.1032	-9.83809	10.8837	5.19106	0.118212
1477010467450000	-9.54618	10.9177	5.14535	-0.0163392	-0.188177	radar	0.154773	-10.195	10.3498	-9.57852	10.8891	5.19278	0.0985664
1477010467500000	-9.2893	10.9465	5.14851	-0.0125496	-0.174589	lidar	0.493931	-9.3066	11.0348	-9.31887	10.8936	5.19428	0.0806865
1477010467550000	-9.03069	10.9418	5.146	-0.0200295	-0.171691	radar	0.469909	-9.2226	10.3527	-9.05915	10.8972	5.19557	0.0645787
1477010467600000	-8.77291	10.973	5.15032	-0.0141726	-0.15685	lidar	0.596773	-8.78899	11.0707	-8.79937	10.9001	5.19667	0.050248
1477010467650000	-8.51156	10.96	5.1548	-0.0249111	-0.159438	radar	1.00339	-8.83914	10.0319	-8.53953	10.9023	5.19759	0.0376992
1477010467700000	-8.35354	10.8585	4.99876	-0.0700078	-0.197834	lidar	6.9783	-8.62045	10.6577	-8.27965	10.9039	5.19835	0.0269359
1477010467750000	-8.10819	10.8525	4.98469	-0.0724702	-0.187206	radar	0.336936	-7.91543	11.1157	-8.01974	10.905	5.19896	0.0179617
1477010467800000	-7.77056	10.8906	5.12141	-0.0582359	-0.162594	lidar	4.60866	-7.51971	11.0005	-7.75979	10.9057	5.19942	0.0107791
1477010467850000	-7.51479	10.8837	5.11108	-0.0592482	-0.151059	radar	0.865376	-7.25987	10.6458	-7.49981	10.9061	5.19975	0.00539029
1477010467900000	-7.23601	10.8567	5.14685	-0.0705283	-0.154781	lidar	0.464604	-7.15631	10.815	-7.23983	10.9063	5.19994	0.00179692
1477010467950000	-6.9872	10.8702	5.11716	-0.0594782	-0.128156	radar	1.87897	-7.39396	11.0181	-6.97983	10.9064	5.2	-7.84874e-015
